NAME	POS	GP	MIN	PTS	FGM	FGA	FG%	3PM	3PA	3P%	FTM	FTA	FT%	REB	AST	STL	BLK	TO	DD2	TD3
Luka Doncic DAL	PG	70	37.5	33.9	11.5	23.6	48.7	4.1	10.6	38.2	6.8	8.7	78.6	9.2	9.8	1.4	0.5	4	49	21
Giannis Antetokounmpo mil	PF	73	35.2	30.4	11.5	18.8	61.1	0.5	1.7	27.4	7	10.7	65.7	11.5	6.5	1.2	1.1	3.4	57	10
Shai Gilgeous-Alexander okc	PG	75	34	30.1	10.6	19.8	53.5	1.3	3.6	35.3	7.6	8.7	87.4	5.5	6.2	2	0.9	2.2	8	0
Jalen Brunson NY	PG	77	35.4	28.7	10.3	21.4	47.9	2.7	6.8	40.1	5.5	6.5	84.7	3.6	6.7	0.9	0.2	2.4	9	0
Kevin Durant phx	PF	75	37.2	27.1	10	19.1	52.3	2.2	5.4	41.3	4.8	5.6	85.6	6.6	5	0.9	1.2	3.3	14	1
Devin Booker phx	SG	68	36	27.1	9.4	19.2	49.2	2.2	6.1	36.4	6	6.7	88.6	4.5	6.9	0.9	0.4	2.6	13	0
Jayson Tatum bos	SF	74	35.7	26.9	9.1	19.3	47.1	3.1	8.2	37.6	5.6	6.7	83.3	8.1	4.9	1	0.6	2.5	25	0
De'Aaron Fox sac	PG	74	35.9	26.6	9.7	20.9	46.5	2.9	7.8	36.9	4.2	5.7	73.8	4.6	5.6	2	0.4	2.6	6	0
Stephen Curry GS	PG	74	32.7	26.4	8.8	19.5	45	4.8	11.8	40.8	4	4.4	92.3	4.5	5.1	0.7	0.4	2.8	7	0
Nikola Jokic den	C	79	34.6	26.4	10.4	17.9	58.3	1.1	2.9	35.9	4.5	5.5	81.7	12.4	9	1.4	0.9	3	68	25
Tyrese Maxey phi	PG	70	37.5	25.9	9.1	20.3	45	3	8.1	37.3	4.7	5.4	86.8	3.7	6.2	1	0.5	1.7	9	0
Anthony Edwards MIN	SG	79	35.1	25.9	9.1	19.7	46.1	2.4	6.7	35.7	5.4	6.4	83.6	5.4	5.1	1.3	0.5	3.1	9	0
LeBron James lal	SF	71	35.3	25.7	9.6	17.9	54	2.1	5.1	41	4.3	5.7	75	7.3	8.3	1.3	0.5	3.5	27	5
Kyrie Irving DAL	PG	58	35	25.6	9.7	19.5	49.7	3	7.3	41.1	3.3	3.6	90.5	5	5.2	1.3	0.5	1.8	5	0
Anthony Davis lal	PF	76	35.5	24.7	9.4	16.9	55.6	0.4	1.4	27.1	5.5	6.8	81.6	12.6	3.5	1.2	2.3	2.1	64	2
Damian Lillard MIL	PG	73	35.3	24.3	7.4	17.5	42.4	3	8.5	35.4	6.5	7	92	4.4	7	1	0.2	2.6	12	0
DeMar DeRozan chi	SF	79	37.8	24	8.2	17.2	48	0.9	2.8	33.3	6.6	7.7	85.3	4.3	5.3	1.1	0.6	1.7	7	0
Kawhi Leonard LAC	SF	68	34.3	23.7	9	17.1	52.5	2.1	4.9	41.7	3.7	4.2	88.5	6.1	3.6	1.6	0.9	1.8	4	1
Jaylen Brown bos	SG	70	33.5	23	9	17.9	49.9	2.1	5.9	35.4	3	4.3	70.3	5.5	3.6	1.2	0.5	2.4	6	1
Zion Williamson no	PF	70	31.5	22.9	8.9	15.6	57	0.1	0.3	33.3	5	7.1	70.2	5.8	5	1.1	0.7	2.8	12	0
Cade Cunningham det	PG	62	33.5	22.7	8.5	18.8	44.9	1.9	5.4	35.5	3.8	4.4	86.9	4.3	7.5	0.9	0.4	3.4	14	0
Paul George lac	F	74	33.8	22.6	7.9	16.7	47.1	3.3	7.9	41.3	3.6	3.9	90.7	5.2	3.5	1.5	0.5	2.1	3	0
Paolo Banchero orl	PF	80	35	22.6	8	17.6	45.5	1.5	4.4	33.9	5.1	7	72.5	6.9	5.4	0.9	0.6	3.1	16	2
Jaren Jackson Jr. mem	PF	66	32.2	22.5	7.8	17.6	44.4	1.8	5.5	32	5.1	6.3	80.8	5.5	2.3	1.2	1.6	2.4	5	0
Dejounte Murray atl	SG	78	35.7	22.5	8.6	18.8	45.9	2.6	7.1	36.3	2.7	3.4	79.4	5.3	6.4	1.4	0.3	2.6	20	1
Cam Thomas BKN	SG	66	31.4	22.5	8	18	44.2	2.2	6	36.4	4.3	5.1	85.6	3.2	2.9	0.7	0.2	1.9	0	0
Kyle Kuzma WSH	SF	70	32.6	22.2	8.7	18.8	46.3	2.2	6.4	33.6	2.7	3.4	77.5	6.6	4.2	0.5	0.7	2.7	14	0
Karl-Anthony Towns min	C	62	32.7	21.8	7.7	15.3	50.4	2.2	5.3	41.6	4.1	4.7	87.3	8.3	3	0.7	0.7	2.9	22	0
Pascal Siakam ind/tor	PF	80	33.2	21.7	8.5	15.9	53.6	1.1	3.1	34.6	3.6	5	73.2	7.1	4.3	0.8	0.3	1.8	15	1
Victor Wembanyama sa	C	71	29.7	21.4	7.8	16.7	46.5	1.8	5.5	32.5	4.1	5.2	79.6	10.6	3.9	1.2	3.6	3.7	43	2
Jamal Murray DEN	PG	59	31.5	21.2	8	16.7	48.1	2.5	5.8	42.5	2.7	3.1	85.3	4.1	6.5	1	0.7	2.1	11	0
Alperen Sengun hou	C	63	32.5	21.1	8.4	15.6	53.7	0.5	1.8	29.7	3.9	5.6	69.3	9.3	5	1.2	0.7	2.6	29	2
Miles Bridges CHA	SF	69	37.4	21	8.1	17.5	46.2	2.3	6.5	34.9	2.5	3.1	82.5	7.3	3.3	0.9	0.5	2	19	0
Brandon Ingram no	SF	64	32.9	20.8	7.8	15.9	49.2	1.3	3.8	35.5	3.8	4.8	80.1	5.1	5.7	0.8	0.6	2.5	3	1
Jimmy Butler mia	SF	60	34	20.8	6.6	13.2	49.9	1	2.4	41.4	6.6	7.7	85.8	5.3	5	1.3	0.3	1.7	5	1
RJ Barrett TOR/NY	SG	58	31.7	20.2	7.5	15.2	49.5	1.6	4.3	36	3.6	5	71.5	5.4	3.3	0.5	0.4	2.2	2	0
Tyrese Haliburton ind	PG	69	32.2	20.1	7.2	15.2	47.7	2.8	7.8	36.4	2.8	3.3	85.5	3.9	10.9	1.2	0.7	2.3	44	1
CJ McCollum NO	SG	66	32.7	20	7.3	16	45.9	3.6	8.4	42.9	1.7	2.1	82.7	4.3	4.6	0.9	0.6	1.7	2	0
Scottie Barnes tor	SF	60	34.9	19.9	7.5	15.7	47.5	1.7	4.9	34.1	3.3	4.2	78.1	8.2	6.1	1.3	1.5	2.8	25	4
Terry Rozier mia/cha	SG	61	33.4	19.8	7.2	16.4	44.3	2.4	6.7	36.3	2.8	3.2	86.9	4	5.6	1	0.3	1.7	4	0
Franz Wagner ORL	SF	72	32.5	19.7	7.3	15.2	48.2	1.3	4.6	28.1	3.8	4.4	85	5.3	3.7	1.1	0.4	1.9	0	0
Jalen Green HOU	SG	82	31.7	19.6	6.9	16.2	42.3	2.5	7.4	33.2	3.5	4.3	80.4	5.2	3.5	0.8	0.3	2.3	7	1
Mikal Bridges bkn	SF	82	34.8	19.6	6.9	15.8	43.6	2.7	7.2	37.2	3.1	3.9	81.4	4.5	3.6	1	0.4	2	3	0
Devin Vassell sa	SG	68	33.1	19.5	7.3	15.5	47.2	2.4	6.6	37.2	2.4	3	80.1	3.8	4.1	1.1	0.3	1.6	0	0
Domantas Sabonis sac	PF	82	35.7	19.4	7.7	13	59.4	0.4	1.1	37.9	3.6	5.1	70.4	13.7	8.2	0.9	0.6	3.3	77	26
Bam Adebayo mia	C	71	34	19.3	7.5	14.3	52.1	0.2	0.6	35.7	4.1	5.5	75.5	10.4	3.9	1.1	0.9	2.3	42	2
Coby White chi	PG	79	36.5	19.1	6.8	15.3	44.7	2.6	7	37.6	2.8	3.3	83.8	4.5	5.1	0.7	0.2	2.1	5	0
Jalen Williams OKC	F	71	31.3	19.1	7.5	14	54	1.5	3.4	42.7	2.5	3.1	81.4	4	4.5	1.1	0.6	1.7	3	0
Collin Sexton Utah	PG	78	26.6	18.7	6.5	13.3	48.7	1.6	4.2	39.4	4.1	4.7	85.9	2.6	4.9	0.8	0.2	2.1	4	0
Nikola Vucevic chi	C	76	34.3	18	7.7	15.9	48.4	1.2	4.1	29.4	1.4	1.7	82.2	10.5	3.3	0.7	0.8	1.6	45	0
D'Angelo Russell lal	PG	76	32.7	18	6.5	14.2	45.6	3	7.2	41.5	2.1	2.5	82.8	3.1	6.3	0.9	0.5	2.1	10	0
Klay Thompson GS	SG	77	29.7	17.9	6.4	14.7	43.2	3.5	9	38.7	1.6	1.8	92.7	3.3	2.3	0.6	0.5	1.5	0	0
Fred VanVIeet hou	PG	73	36.8	17.4	5.8	13.9	41.6	3.1	8	38.7	2.7	3.1	86	3.8	8.1	1.4	0.8	1.7	20	0
Jordan Poole wsh	SG	78	30.1	17.4	6.3	15.2	41.3	2.4	7.2	32.6	2.5	2.8	87.7	2.7	4.4	1.1	0.3	2.4	4	0
Brandon Miller cha	F	74	32.2	17.3	6.4	14.6	44	2.5	6.7	37.3	1.9	2.3	82.7	4.3	2.4	0.9	0.6	1.8	1	0
Tobias Harris phi	F	70	33.8	17.2	6.6	13.6	48.7	1.3	3.7	35.3	2.7	3	87.8	6.5	3.1	1	0.7	1.3	9	0
Myles Turner ind	C	77	27	17.1	6.2	11.8	52.4	1.5	4.2	35.8	3.2	4.1	77.3	6.9	1.3	0.5	1.9	1.4	17	0
Immanuel Quickley tor/ny	SG	68	29.2	17	5.7	13.1	43.4	2.5	6.4	39.5	3.1	3.6	85.3	3.8	4.9	0.7	0.1	1.5	8	0
Bogdan Bogdanovic atl	SG	79	30.4	16.9	6	13.9	42.8	3	8.1	37.4	1.9	2.1	92.1	3.4	3.1	1.2	0.3	1.4	1	0
Michael Porter Jr. den	SF	81	31.7	16.7	6.4	13.3	48.4	2.7	6.8	39.7	1.1	1.4	83.6	7	1.5	0.5	0.7	1.1	14	0
James Harden lac	SG	72	34.3	16.6	4.9	11.4	42.8	2.6	6.8	38.1	4.2	4.8	87.8	5.1	8.5	1.1	0.8	2.6	23	3
Chet Holmgren okc	PF	82	29.4	16.5	6.2	11.6	53	1.6	4.3	37	2.7	3.4	79.3	7.9	2.4	0.6	2.3	1.6	23	0
Jarrett Allen CLE	C	77	31.7	16.5	6.7	10.6	63.4	0	0.1	0	3	4.1	74.2	10.5	2.7	0.7	1.1	1.6	42	0
Jonathan Kuminga GS	PF	74	26.4	16.1	6.2	11.6	52.9	0.7	2.2	32.1	3	4	74.6	4.8	2.2	0.7	0.5	1.6	5	0
Austin Reaves lal	SG	82	32.1	15.9	5.6	11.5	48.6	1.9	5.1	36.7	2.8	3.3	85.3	4.3	5.5	0.8	0.3	2.1	9	1
Keldon Johnson sa	SF	69	29.5	15.7	5.7	12.5	45.4	1.8	5.3	34.6	2.5	3.2	79.2	5.5	2.8	0.7	0.3	1.4	9	0
Donte DiVincenzo NY	SG	81	29.1	15.5	5.5	12.4	44.3	3.5	8.7	40.1	1.1	1.4	75.4	3.7	2.7	1.3	0.4	1.4	0	0
Kelly Oubre Jr. phi	SG	68	30.2	15.4	5.7	12.9	44.1	1.5	4.8	31.1	2.6	3.4	75	5	1.5	1.1	0.7	1.3	4	0
Malik Monk SAC	SG	72	26	15.4	5.5	12.4	44.3	2.1	5.9	35	2.4	2.8	82.9	2.9	5.1	0.6	0.5	2.1	2	0
Jaden Ivey det	PG	77	28.8	15.4	5.4	12.6	42.9	1.6	4.8	33.6	2.9	3.9	74.9	3.4	3.8	0.7	0.5	2.5	2	0
Keegan Murray sac	SF	77	33.6	15.2	5.8	12.7	45.4	2.4	6.6	35.8	1.3	1.6	83.1	5.5	1.7	1	0.8	0.8	8	0
Derrick White bos	PG	73	32.6	15.2	5.3	11.5	46.1	2.7	6.8	39.6	1.9	2.1	90.1	4.2	5.2	1	1.2	1.5	5	1
John Collins UTAH	PF	68	28	15.1	5.8	11	53.2	1.3	3.4	37.1	2.2	2.7	79.5	8.5	1.1	0.6	0.9	1.4	24	0
Deni Avdija WSH	SF	75	30.1	14.7	5.4	10.7	50.6	1.2	3.1	37.4	2.7	3.6	73.9	7.2	3.8	0.8	0.5	2.1	18	0
Bennedict Mathurin ind	SG	59	26.1	14.5	5	11.2	44.6	1.4	3.6	37.4	3.1	3.8	82.1	4	2	0.6	0.2	1.6	3	0
Tim Hardaway Jr. DAL	SF	79	26.8	14.4	5	12.4	40.2	2.7	7.6	35.3	1.8	2.1	85.2	3.2	1.8	0.5	0.1	0.9	0	0
Dennis Schroder tor/bkn	PG	80	31.1	14	5	11.6	43.5	1.7	4.6	37.5	2.2	2.7	83.6	3	6.1	0.8	0.2	1.9	8	0
Caris LeVert CLE	SG	68	28.8	14	5.1	12.1	42.1	1.6	4.9	32.5	2.3	3	76.6	4.1	5.1	1.1	0.5	1.7	6	0
Scoot Henderson por	G	62	28.5	14	5	12.9	38.5	1.4	4.3	32.5	2.7	3.3	81.9	3.1	5.4	0.8	0.2	3.4	8	0
Rudy Gobert min	C	76	34.1	14	5.3	8.1	66.1	0	0	0	3.3	5.1	63.8	12.9	1.3	0.7	2.1	1.6	54	0
Norman Powell lac	G	76	26.2	13.9	4.9	10.1	48.6	2.2	5.1	43.5	1.9	2.3	83.1	2.6	1.1	0.6	0.3	0.9	0	0
Aaron Gordon den	PF	73	31.5	13.9	5.5	9.8	55.6	0.5	1.9	29	2.4	3.7	65.8	6.5	3.5	0.8	0.6	1.4	12	0
Jalen Durer DET	C	61	29.1	13.8	5.7	9.2	61.9	0	0.1	0	2.3	3	79	11.6	2.4	0.5	0.8	2.1	44	0
Bobby Portis mil	F	82	24.5	13.8	5.7	11.2	50.8	1.2	3	40.7	1.2	1.5	79	7.4	1.3	0.8	0.4	1.1	17	0
Jabari Smith Jr. hou	PF	76	31.9	13.7	5	11	45.4	1.8	5	36.3	2	2.4	81.1	8.1	1.6	0.7	0.8	1.2	16	0
Gary Trent Jr. tor	SG	71	28.1	13.7	5.1	11.9	42.6	2.5	6.4	39.3	1	1.4	77.1	2.6	1.7	1.1	0.1	0.7	1	0
Saddiq Bey ATL	SF	63	32.7	13.7	4.6	11.1	41.6	1.8	5.7	31.6	2.7	3.2	83.7	6.5	1.5	0.8	0.2	0.9	8	0
Rui Hachimura LAL	PF	68	26.8	13.6	5.3	9.9	53.7	1.4	3.4	42.2	1.5	2	73.9	4.3	1.2	0.6	0.4	0.7	4	0
Grayson Allen PHX	SG	75	33.5	13.5	4.5	9.1	49.9	2.7	5.9	46.1	1.7	2	87.8	3.9	3	0.9	0.6	1.3	1	0
Naz Reid min	C	81	24.2	13.5	5	10.5	47.7	2.1	5	41.4	1.3	1.8	73.6	5.2	1.3	0.8	0.9	1.4	6	0
Cameron Johnson BKN	SF	58	27.6	13.4	4.8	10.7	44.6	2.4	6.1	39.1	1.5	1.9	78.9	4.3	2.4	0.8	0.3	1	1	0
Corey Kispert wsh	SF	80	25.8	13.4	4.8	9.9	48.6	2.3	6	38.3	1.4	2	72.6	2.8	2	0.5	0.2	1.2	1	0
Andrew Wiggins GS	SF	71	27	13.2	5	11	45.3	1.3	3.6	35.8	2	2.7	75.1	4.5	1.7	0.6	0.6	1.2	3	0
Keyonte George Utah	G	75	27	13	4.3	10.9	39.1	2	5.9	33.4	2.5	3	84.8	2.8	4.4	0.5	0.1	2.5	1	0
Duncan Robinson MIA	F	68	28	12.9	4.5	9.9	45	2.8	7	39.5	1.2	1.3	88.9	2.5	2.8	0.7	0.2	1.4	0	0
P.J. Washington dal/cha	PF	73	30.4	12.9	4.8	11.1	43.7	1.8	5.7	32	1.4	2	68.3	5.6	1.9	1	0.8	1.3	4	0
Dillon Brooks hou	SF	72	30.9	12.7	4.6	10.7	42.8	1.8	5.1	35.9	1.7	2	84.4	3.4	1.7	0.9	0.1	1.2	1	0
Jalen Suggs orl	SG	75	27	12.6	4.5	9.5	47.1	2	5.1	39.7	1.6	2.1	75.6	3.1	2.7	1.4	0.6	1.8	0	0
Brook Lopez mil	C	79	30.5	12.5	4.6	9.6	48.5	1.9	5.1	36.6	1.4	1.7	82.1	5.2	1.6	0.5	2.4	1	5	0
Jrue Holiday bos	PG	69	32.8	12.5	4.8	10	48	2	4.7	42.9	0.9	1	83.3	5.4	4.8	0.9	0.8	1.8	7	0
Josh Giddey OKC	SG	80	25.2	12.3	5	10.6	47.5	1	3	33.7	1.3	1.6	80.6	6.4	4.8	0.7	0.6	2.1	10	3
Jonas Valanciunas no	C	82	23.5	12.2	4.9	8.8	55.9	0.5	1.5	30.8	2	2.5	78.5	8.8	2.1	0.4	0.8	1.4	33	0
Harrison Barnes SAC	SF	82	29	12.2	4.2	8.9	47.4	1.8	4.7	38.7	1.9	2.4	80.1	3	1.2	0.7	0.1	0.7	0	0
Max Strus cle	SG	70	32	12.2	4.3	10.4	41.8	2.4	6.8	35.1	1.1	1.4	79.4	4.8	4	0.9	0.4	1.6	5	1
Aaron Nesmith ind	SF	72	27.7	12.2	4.4	8.8	49.6	1.9	4.6	41.9	1.5	1.9	78.1	3.8	1.5	0.9	0.7	0.9	1	0
Ayo Dosunmu CHI	SG	76	29.1	12.2	4.7	9.5	50.1	1.6	3.9	40.3	1.1	1.4	81	2.8	3.2	0.9	0.5	1.4	1	0
Buddy Hield ind/phi	SG	84	25.7	12.1	4.4	10.1	43.6	2.6	6.8	38.6	0.6	0.7	88.1	3.2	2.8	0.8	0.5	1.2	1	0
Tyus Jones WSH	PG	66	29.3	12	4.9	10.1	48.9	1.6	3.9	41.4	0.5	0.6	80	2.7	7.3	1.1	0.3	1	9	1
Jaime Jaquez Jr. mia	G	75	28.2	11.9	4.5	9.3	48.9	0.9	2.7	32.2	1.9	2.3	81.1	3.8	2.6	1	0.3	1.5	1	0
Nic Claxton BKN	C	71	29.8	11.8	5.2	8.2	62.9	0	0.1	20	1.5	2.8	55.1	9.9	2.1	0.6	2.1	1.3	30	0
Ivica Zubac lac	C	68	26.4	11.7	5	7.6	64.9	0	0	0	1.8	2.4	72.3	9.2	1.4	0.3	1.2	1.2	23	0
Jeremy Sochan sa	F	74	29.6	11.6	4.6	10.5	43.8	0.9	3.1	30.8	1.5	1.9	77.1	6.4	3.4	0.8	0.5	1.9	7	0
Cole Anthony orl	PG	81	22.4	11.6	4.1	9.4	43.5	1.1	3.4	33.8	2.2	2.7	82.6	3.8	2.9	0.8	0.5	1.6	3	0
Clint Capela ATL	C	73	25.8	11.5	4.8	8.5	57.1	0	0	0	1.8	2.8	63.1	10.6	1.2	0.6	1.5	1	38	0
Mike Conley min	PG	76	28.9	11.4	3.9	8.5	45.7	2.4	5.3	44.2	1.3	1.5	91.1	2.9	5.9	1.2	0.2	1.3	5	0
Malik Beasley mil	SG	79	29.6	11.3	4.1	9.1	44.3	2.8	6.9	41.3	0.3	0.4	71.4	3.7	1.4	0.7	0.1	0.7	1	0
Zach Collins sa	PF	69	22.1	11.2	4.3	8.9	48.4	0.8	2.6	32	1.8	2.3	75.3	5.4	2.8	0.5	0.8	1.9	3	0
Russell Westbrook lac	PG	68	22.5	11.1	4.4	9.8	45.4	0.6	2.3	27.3	1.6	2.4	68.8	5	4.5	1.1	0.3	2.1	8	1
Eric Gordon phx	SG	68	27.8	11	4	9.1	44.3	2.2	5.8	37.8	0.8	0.9	79.7	1.8	2	1	0.4	1.1	0	0
Herbert Jones no	SF	76	30.5	11	3.9	7.7	49.8	1.5	3.6	41.8	1.8	2.1	86.7	3.6	2.6	1.4	0.8	1.2	0	0
Daniel Gafford WSH/DAL	C	74	24.5	11	4.7	6.5	72.5	0	0	0	1.6	2.4	67.4	7.6	1.6	0.9	2.1	1	15	0
Jusuf Nurkic phx	C	76	27.3	10.9	4.2	8.3	51	0.3	1.2	24.4	2.2	3.4	64	11	4	1.1	1.1	2.3	28	0
Luguentz Dort OKC	G	79	28.4	10.9	3.6	8.3	43.8	2	5	39.4	1.6	2	82.6	3.6	1.4	0.9	0.6	0.9	0	0
Moritz Wagner orl	C	80	17.7	10.9	4.2	6.9	60.1	0.5	1.4	33	2.1	2.6	81.4	4.3	1.2	0.5	0.3	1.2	3	0
Bruce Brown ind/tor	SF	67	27.8	10.8	4.1	8.7	47.8	0.8	2.4	32.3	1.7	2.1	82.4	4.2	2.9	0.9	0.3	1.3	2	0
Santi Aldama mem	PF	61	26.5	10.7	4	9.3	43.5	1.7	5	34.9	0.9	1.4	62.1	5.8	2.3	0.7	0.9	1.1	5	0
Jaden McDaniels min	PF	72	29.2	10.5	4.3	8.7	48.9	1.2	3.5	33.7	0.8	1.1	72.2	3.1	1.4	0.9	0.6	1.2	0	0
Simone Fontecchio utah/det	F	66	24.9	10.5	3.8	8.3	46	2	5.1	40.1	0.8	1	81.8	3.7	1.5	0.7	0.3	1	0	0
Spencer Dinwiddie lal/bkn	PG	76	28.3	10.5	3.3	8.4	39.2	1.6	4.8	33.7	2.2	2.8	80.5	2.7	4.7	0.7	0.3	1.2	4	0
Alec Burks NY/DET	SG	66	18.4	10.4	3.2	8.6	36.9	1.9	5	37.6	2.2	2.5	86.8	2.3	1.3	0.4	0.2	0.7	0	0
Grant Williams dalvcha	PF	76	28	10.3	3.6	8	45.6	1.7	4.4	37.5	1.4	1.8	75.7	4.2	2.3	0.6	0.5	1.4	2	0
Obi Toppin ind	PF	82	21.1	10.3	4	7.1	57.3	1.2	3.1	40.3	0.9	1.2	77	3.9	1.6	0.6	0.5	0.8	1	0
T.J. McConnell ind	PG	71	18.2	10.2	4.6	8.4	55.6	0.3	0.6	40.9	0.7	0.9	79	2.7	5.5	1	0.1	1.5	4	0
Kevin Huerter sac	SG	64	24.4	10.2	3.9	8.8	44.3	1.9	5.3	36.1	0.6	0.7	76.6	3.5	2.6	0.7	0.4	0.8	2	0
Reggie Jackson den	PG	82	22.2	10.2	4	9.2	43.1	1.2	3.5	35.9	1	1.2	80.6	1.9	3.8	0.5	0.1	1.3	2	0
Kentavious Caldwell-Pope den	SG	76	31.6	10.1	3.6	7.7	46	1.6	4.1	40.6	1.3	1.5	89.4	2.4	2.4	1.3	0.6	1	0	0
Alex Caruso chi	SG	71	28.7	10.1	3.6	7.6	46.8	1.9	4.7	40.8	1	1.4	76	3.8	3.5	1.7	1	1.4	1	0
Tre Jones SA	PG	77	27.8	10	3.9	7.8	50.5	0.8	2.5	33.5	1.3	1.5	85.6	3.8	6.2	1	0.1	1.5	5	1
Caleb Martin mia	SF	64	27.5	10	3.8	8.7	43.1	1.3	3.6	34.9	1.2	1.5	77.8	4.4	2.2	0.7	0.5	1.2	2	0
Jalen Smith IND	PF	61	17.2	9.9	3.8	6.5	59.2	1	2.4	42.4	1.2	1.7	69.2	5.5	1	0.3	0.6	0.7	5	0
Kelly Olynyk utah/tor	PF	78	22.6	9.8	3.5	6.4	55.5	0.8	2	38.7	1.9	2.3	83.3	5.3	4.4	0.9	0.4	1.9	6	0
Lonnie Walker IV BKN	G	58	17.4	9.7	3.6	8.5	42.3	1.8	4.7	38.4	0.8	1	76.3	2.2	1.3	0.6	0.3	0.9	0	0
Nick Richards cha	C	67	26.3	9.7	3.9	5.6	69.1	0	0	0	2	2.7	73.7	8	0.8	0.4	1.1	1.1	19	0
Payton Pritchard bos	PG	82	22.3	9.6	3.6	7.7	46.8	1.8	4.7	38.5	0.6	0.7	82.1	3.2	3.4	0.5	0.1	0.7	3	0
Amen Thompson hou	F	62	22.4	9.5	3.9	7.2	53.6	0.1	0.9	13.8	1.7	2.5	68.4	6.6	2.6	1.3	0.6	1.5	13	1
Josh Hart NY	SG	81	33.4	9.4	3.6	8.4	43.4	1	3.2	31	1.1	1.4	79.1	8.3	4.1	0.9	0.3	1.5	21	6
Isaac Okoro cle	SF	69	27.3	9.4	3.4	7	49	1.2	3.1	39.1	1.3	2	67.9	3	1.9	0.8	0.5	0.8	0	0
Georges Niang cle	SF	82	22.3	9.4	3.5	7.7	44.9	1.8	4.8	37.6	0.6	0.7	85	3.4	1.2	0.4	0.2	0.9	0	0
Brandin Podziemski gs	G	74	26.6	9.2	3.7	8.1	45.4	1.2	3.2	38.5	0.7	1.1	63.3	5.8	3.7	0.8	0.2	1.2	7	0
Andrew Nembhard IND	PG	68	25	9.2	3.8	7.7	49.8	0.9	2.5	35.7	0.7	0.8	80.4	2.1	4.1	0.9	0.1	1.5	1	0
Malaki Branham sa	G	75	21.3	9.2	3.6	8.4	43.2	1.2	3.6	34.7	0.7	0.8	87.3	2	2.1	0.4	0.1	1.2	0	0
Chris Paul gs	PG	58	26.4	9.2	3.6	8.1	44.1	1.3	3.6	37.1	0.7	0.9	82.7	3.9	6.8	1.2	0.1	1.3	5	0
Duop Reath POR	C	68	17.9	9.1	3.4	7.3	46.1	1.3	3.6	35.9	1	1.4	74.2	3.7	1	0.5	0.6	0.8	1	0
Sam Hauser bos	SF	79	22	9	3.2	7.1	44.6	2.5	5.9	42.4	0.2	0.2	89.5	3.5	1	0.5	0.3	0.4	0	0
Taurean Prince LAL	PF	78	27	8.9	3.2	7.3	44.2	1.8	4.6	39.6	0.6	0.9	73.5	2.9	1.5	0.7	0.4	0.9	0	0
Jabari Walker por	F	72	23.6	8.9	3.3	7.1	46	0.6	1.9	29.5	1.8	2.4	75.4	7.1	1	0.6	0.3	0.9	11	0
Ausar Thompson DET	F	63	25.1	8.8	3.7	7.6	48.3	0.3	1.8	18.6	1.1	1.9	59.7	6.4	1.9	1.1	0.9	1.3	2	0
Terance Mann lac	SG	75	25	8.8	3.4	6.6	51.5	0.9	2.7	34.8	1.1	1.3	83.2	3.4	1.6	0.6	0.2	0.6	2	0
Al Horford bos	C	65	26.8	8.6	3.3	6.4	51.1	1.7	4	41.9	0.4	0.5	86.7	6.4	2.6	0.6	1	0.7	3	0
Derrick Jones Jr. dal	SF	76	23.5	8.6	3.1	6.5	48.3	1.1	3.1	34.3	1.3	1.8	71.3	3.3	1	0.7	0.7	0.9	2	0
Dorian Finney-Smith BKN	PF	68	28.5	8.5	3.2	7.5	42.1	1.7	4.9	34.8	0.5	0.7	71.7	4.7	1.6	0.8	0.6	0.9	0	0
Gradey Dick tor	G	60	21.1	8.5	3.2	7.4	42.5	1.5	4	36.5	0.7	0.9	86.3	2.2	1.1	0.6	0	0.8	0	0
Bilal Coulibaly wsh	SG	63	27.2	8.4	3	6.9	43.5	1	2.9	34.6	1.5	2.1	70.2	4.1	1.7	0.9	0.8	1.4	1	0
Andre Drummond chi	C	79	17.1	8.4	3.4	6.1	55.6	0	0	0	1.6	2.8	59.2	9	0.5	0.9	0.6	1	18	0
Miles McBride NY	PG	68	19.5	8.3	3	6.7	45.2	1.6	3.9	41	0.6	0.7	86	1.5	1.7	0.7	0.1	0.4	0	0
Marcus Sasser det	G	71	19	8.3	3.1	7.2	42.8	1.3	3.4	37.5	0.8	0.9	87.9	1.8	3.3	0.6	0.2	1.3	1	0
Isaiah Joe okc	SG	78	18.5	8.2	2.8	6.2	45.8	1.9	4.5	41.6	0.6	0.7	86.5	2.3	1.3	0.6	0.3	0.6	0	0
Kyle Lowry mia/phi	PG	60	28.2	8.1	2.7	6.3	43.2	1.6	4.2	39.2	1.1	1.3	84	3.2	4.2	1	0.4	1.4	3	0
Walker Kessler UTAH	C	64	23.3	8.1	3.6	5.5	65.4	0.1	0.3	21.1	0.9	1.5	60.2	7.5	0.9	0.5	2.4	1	7	0
Moses Moody GS	SG	66	17.5	8.1	2.9	6.4	46.2	1.1	3	36	1.1	1.4	78.5	3	0.9	0.6	0.4	0.7	0	0
Dario Saric GS	PF	64	17.2	8	2.8	6.1	46.6	1.2	3.1	37.6	1.2	1.5	84.9	4.4	2.3	0.5	0.2	1.2	2	0
Nickeil Alexander-Walker MIN	SG	82	23.4	8	2.9	6.6	43.9	1.6	4.1	39.1	0.6	0.8	80	2	2.5	0.8	0.5	0.9	0	0
Sam Merrill cle	SG	61	17.5	8	2.6	6.4	40.2	2.3	5.8	40.4	0.4	0.5	92.9	2	1.8	0.3	0.1	0.3	0	0
Trayce Jackson-Davis gs	F	68	16.6	7.9	3.4	4.9	70.2	0	0	0	1.1	1.9	56.1	5	1.2	0.4	1.1	0.7	6	0
Jordan Hawkins NO	G	67	17.3	7.8	2.6	6.8	38.2	1.6	4.4	36.6	1	1.2	83.8	2.2	1	0.3	0.1	0.6	0	0
Isaiah Hartenstein ny	c	75	25.3	7.8	3.1	4.9	64.4	0	0	33.3	1.5	2.1	70.7	8.3	2.5	1.2	1.1	1.2	10	0
Royce O'Neale bkn/phx	PF	79	24.7	7.7	2.7	6.8	39.7	2	5.3	37	0.3	0.4	68.6	4.8	2.8	0.7	0.6	0.9	4	0
Precious Achiuwa tor/ny	PF	74	21.9	7.6	3.2	6.3	50.1	0.4	1.3	26.8	0.9	1.5	61.6	6.6	1.3	0.6	0.9	1.1	9	0
Toumani Camara por	F	70	24.8	7.5	2.8	6.3	45	0.8	2.5	33.7	1.1	1.4	75.8	4.9	1.2	0.9	0.5	1.2	2	0
Cameron Payne mil/phi	PG	78	16.7	7.4	2.7	6.2	43.2	1.3	3.4	39	0.7	0.9	86.6	1.5	2.6	0.5	0.1	0.8	1	0
Paul Reed phi	F	82	19.4	7.3	3.2	5.9	54	0.3	0.7	36.8	0.7	1	71.8	6	1.3	0.8	1	0.8	8	0
Christian Braun den	G	82	20.2	7.3	2.7	5.9	46	0.8	2	38.4	1.1	1.6	69.4	3.7	1.6	0.5	0.4	0.7	2	0
Jaden Hardy dal	G	73	13.5	7.3	2.7	6.6	40.7	1.1	3.1	36.2	0.8	1	77.6	1.8	1.5	0.3	0.1	0.8	0	0
Trey Lyles SAC	PF	58	20	7.2	2.5	5.5	44.5	1.4	3.8	38.4	0.8	1.2	70	4.4	1.2	0.3	0.3	0.7	1	0
James Wiseman dft	C	63	17.3	7.1	3	4.8	61.3	0	0	0	1.1	1.6	70.6	5.3	0.9	0.2	0.6	1	7	0
Naji Marshall no	SF	66	19	7.1	2.6	5.6	46.3	0.9	2.3	38.7	1	1.3	79.1	3.6	1.9	0.7	0.2	1	0	0
Vasilije Micic okc/cha	G	60	19.6	7	2.7	6.2	43	0.7	2.6	27.9	1	1.3	81.3	1.5	4.4	0.5	0.1	1.7	4	0
Aaron Wiggins okc	SG	78	15.7	6.9	2.7	4.8	56.2	0.8	1.6	49.2	0.7	0.9	78.9	2.4	1.1	0.7	0.2	0.7	0	0
Trendon Watford BKN	PF	63	13.6	6.9	2.6	4.9	52.7	0.4	1.1	39.7	1.2	1.5	79.4	3.1	1.3	0.4	0.3	1	1	0
Cason Wallace okc	G	82	20.6	6.8	2.6	5.4	49.1	1.2	2.9	41.9	0.4	0.5	78.4	2.3	1.5	0.9	0.5	0.5	0	0
Julian Champagnie sa	F	74	19.8	6.8	2.2	5.4	40.8	1.4	3.7	36.5	1	1.2	81.5	2.8	1.4	0.6	0.6	0.8	0	0
Day'Ron Sharpe bkn	C	61	15.1	6.8	2.8	4.8	57.1	0.1	0.2	26.7	1.2	2	61	6.4	1.4	0.4	0.7	1.1	6	0
Cedi Osman sa	SF	72	17.6	6.8	2.6	5.3	47.9	1.2	3.1	38.9	0.5	0.7	67.3	2.5	1.7	0.5	0.2	0.7	0	0
Jonathan Isaac orl	PF	58	15.8	6.8	2.5	4.9	51	0.7	1.9	37.5	1	1.4	72	4.5	0.5	0.7	1.2	0.5	0	0
Peyton Watson den	F	80	18.6	6.7	2.6	5.6	46.5	0.6	1.9	29.6	0.9	1.3	67	3.2	1.1	0.5	1.1	0.7	0	0
Amir Coffey lac	SG	70	20.9	6.6	2.4	5	47.2	1	2.6	38	0.9	1	85.9	2.1	1.1	0.6	0.2	0.5	1	0
Aaron Holiday hou	G	78	16.3	6.6	2.4	5.3	44.6	1.1	2.8	38.7	0.7	0.8	92.1	1.6	1.8	0.5	0.1	0.7	0	0
David Roddy mem/phx	F	65	18.1	6.5	2.5	6.3	40.3	0.7	2.5	29.3	0.7	1	69.1	3.2	1.2	0.4	0.2	0.9	0	0
Jeff Green hou	PF	78	16.8	6.5	2.1	4.7	45.6	0.7	2.1	33.1	1.6	1.9	81.9	2.3	0.9	0.2	0.4	0.6	0	0
Kyle Anderson MIN	SF	79	22.6	6.4	2.5	5.5	46	0.1	0.6	22.9	1.2	1.7	70.8	3.5	4.2	0.9	0.6	1.2	0	0
Isaiah Jackson ind	SF	60	12.9	6.4	2.6	3.9	66.5	0	0.1	0	1.2	1.7	71.6	4	0.8	0.6	1	0.7	4	0
Daniel Theis IND/LAC	C	60	16.9	6.3	2.6	4.9	53.2	0.4	1.2	36.6	0.6	0.8	76	4.1	1	0.4	0.9	0.7	1	0
Patrick Beverley mil/phi	PG	73	20	6.2	2.2	5.2	41.7	0.8	2.5	33.7	1	1.2	82.2	3.3	2.9	0.6	0.4	0.9	2	0
Haywood Highsmith MIA	F	66	20.7	6.1	2.3	5	46.5	1.2	2.9	39.6	0.3	0.5	63.9	3.2	1.1	0.8	0.5	0.5	0	0
Kris Murray por	F	62	21.7	6.1	2.3	5.9	39.6	0.8	3	26.8	0.6	0.9	66.1	3.6	1.3	0.9	0.3	0.9	1	0
Ochai Agbaji utah/tor	G	78	21.1	5.8	2.3	5.6	41.1	0.8	2.7	29.4	0.5	0.7	66.1	2.8	1.1	0.6	0.6	0.8	0	0
Dyson Daniels no	G	61	22.3	5.8	2.3	5.1	44.7	0.7	2.2	31.1	0.6	0.9	64.2	3.9	2.7	1.4	0.4	1	1	0
Larry Nance Jr. no	PF	61	19.9	5.7	2.3	4	57.3	0.4	1.1	41.5	0.8	1	77	5	1.9	1	0.3	0.8	2	0
Pat Connaughton mil	SG	76	22.1	5.6	2	4.6	43.5	1.1	3.1	34.5	0.6	0.8	75.9	3.1	2.1	0.5	0.3	0.6	0	0
Malachi Flynn tor/ny/det	PG	69	12.7	5.5	2	4.7	41.8	0.8	2.4	33.1	0.8	1	73.2	1.7	1.9	0.6	0.1	0.9	0	0
Doug McDermott ind/sa	SF	64	14.1	5.5	1.9	4.4	43.3	1.5	3.6	41	0.2	0.3	57.9	0.9	1.1	0.3	0	0.4	0	0
Matisse Thybulle por	SG	65	22.9	5.4	1.9	4.9	39.7	1.2	3.6	34.6	0.3	0.4	75.9	2.1	1.4	1.7	0.8	0.6	0	0
Kris Dunn Utah	G	66	18.9	5.4	2.2	4.7	47	0.6	1.7	36.9	0.3	0.5	68.8	2.9	3.8	1	0.4	1.2	1	0
Nicolas Batum lac/phi	PF	60	25.5	5.3	1.9	4.3	45.3	1.2	3.1	39.5	0.3	0.4	71.4	4.1	2.1	0.8	0.6	0.7	0	0
Luke Kornet BOS	C	63	15.6	5.3	2.3	3.2	70	0	0	100	0.8	0.9	90.7	4.1	1.1	0.4	1	0.3	1	0
Davion Mitchell sac	PG	72	15.3	5.3	2	4.5	45.2	0.8	2.2	36.1	0.4	0.6	71.4	1.3	1.9	0.2	0	0.6	0	0
Bryce McGowens CHA	G	59	14.9	5.1	1.7	3.9	43.9	0.6	1.7	33.3	1.1	1.4	77.6	1.7	0.9	0.4	0.2	0.5	0	0
Drew Eubanks phx	PF	75	15.6	5.1	2	3.4	60.1	0	0	100	1	1.2	77.4	4.3	0.8	0.4	0.8	0.8	0	0
Goga Bitadze ORL	C	62	15.4	5	2	3.4	60.3	0	0.2	14.3	0.9	1.4	65.5	4.6	1.3	0.5	1.2	0.7	5	0
Jevon Carter chi	PG	72	13.9	5	1.9	5.1	37.8	1.1	3.3	32.9	0.1	0.1	57.1	0.8	1.3	0.5	0.2	0.5	1	0
Garrison Mathews atl	SG	66	15	4.9	1.6	3.4	45.6	1.3	2.9	44	0.5	0.6	81	1.4	0.6	0.3	0.1	0.3	0	0
Kenrich Williams okc	SF	69	14.9	4.7	1.9	4.1	46.8	0.8	2	39.7	0.1	0.2	50	3	1.3	0.6	0.1	0.5	0	0
Josh Okogie phx	SF	60	16	4.6	1.4	3.4	41.7	0.5	1.6	30.9	1.3	1.7	74.5	2.6	1.1	0.8	0.4	0.6	0	0
i Anthony Black ORL	G	69	16.9	4.6	1.7	3.6	46.6	0.5	1.4	39.4	0.7	1.2	61.3	2	1.3	0.5	0.3	0.8	0	0
I Kevon Looney GS	F	74	16.1	4.5	1.9	3.1	59.7	0	0	0	0.8	1.1	67.5	5.7	1.8	0.4	0.4	0.7	1	0
Blake Wesley sa	G	61	14.4	4.4	1.7	3.5	47.4	0.2	0.9	21.8	0.9	1.3	66.7	1.5	2.7	0.5	0.1	0.9	0	0
l Joe Ingles ORL	SG	68	17.2	4.4	1.5	3.3	43.6	1	2.4	43.5	0.4	0.5	82.4	2.1	3	0.6	0.1	1	0	0
Jaxson Hayes lal	C	70	12.5	4.3	1.8	2.5	72	0	0.1	0	0.7	1.2	62.2	3	0.5	0.5	0.4	0.6	2	0
i Caleb Houstan ORL	G	59	13.8	4.3	1.4	3.5	38.8	1.2	3.3	37.3	0.4	0.4	80.8	1.4	0.5	0.3	0.1	0.3	0	0
Max Christie LAL	G	67	14.1	4.2	1.5	3.6	42.7	0.6	1.8	35.6	0.5	0.7	78.3	2.1	0.9	0.3	0.3	0.5	0	0
I Troy Brown Jr. min/det	SF	59	14	4.2	1.4	3.8	37.2	0.8	2.4	33.3	0.5	0.6	86.5	2.4	1	0.4	0.1	0.5	0	0
Jae'Sean Tate hou	SF	65	15.9	4.1	1.7	3.5	47.2	0.4	1.2	29.9	0.4	0.6	66.7	3	1	0.6	0.2	0.6	0	0
i Justin Holiday den	SF	58	14.9	4	1.5	3.3	45.4	0.9	2.3	40.4	0.1	0.1	75	1.2	1.2	0.6	0.2	0.2	0	0
Jaylin Williams okc	F	69	13	4	1.4	3.3	41.7	0.8	2.1	36.8	0.5	0.6	80.5	3.4	1.6	0.4	0.4	0.5	0	0
' Chris Duarte sac	SG	59	12.2	3.9	1.4	3.6	38.1	0.7	2.2	34.6	0.4	0.6	78.8	1.8	0.7	0.5	0.1	0.4	0	0
KJ Martin lac/phi	F	60	12.4	3.7	1.6	3	53.6	0.1	0.5	28.6	0.4	0.7	53.7	2.2	0.9	0.4	0.2	0.5	1	0
l Dwight Powell dal	C	63	13.3	3.3	1.1	1.7	67.9	0	0	33.3	1	1.4	70.8	3.4	1.3	0.4	0.3	0.5	1	0
i Zeke Nnaji den	PF	58	9.9	3.2	1.2	2.6	46.3	0.1	0.4	26.1	0.7	1.1	67.7	2.2	0.6	0.3	0.7	0.5	0	0
1 JT Thor cha	F	63	12.4	3.2	1.3	2.9	43.7	0.4	1.3	34.6	0.2	0.3	55	2.3	0.5	0.2	0.4	0.2	0	0
' Dalen Terry chi	F	59	11.5	3.1	1.2	2.7	43.9	0.3	1.3	23	0.4	0.7	58.1	1.9	1.4	0.5	0.3	0.5	0	0
Joel Embiid phi	C	39	33.6	34.7	11.5	21.8	52.9	1.4	3.6	38.8	10.2	11.6	88.3	11	5.6	1.2	1.7	3.8	30	2
' Donovan Mitchell cle	SG	55	35.3	26.6	9.1	19.8	46.2	3.3	9	36.8	5	5.8	86.5	5.1	6.1	1.8	0.5	2.8	6	0
i Trae Young atl	PG	54	36	25.7	8	18.7	43	3.2	8.7	37.3	6.4	7.5	85.5	2.8	10.8	1.3	0.2	4.4	37	0
i Ja Morant MEM	PG	9	35.3	25.1	8.9	18.9	47.1	1.6	5.7	27.5	5.8	7.1	81.3	5.6	8.1	0.8	0.6	3	3	0
Julius Randle ny	PF	46	35.4	24	8.6	18.2	47.2	1.7	5.3	31.1	5.1	6.6	78.1	9.2	5	0.5	0.3	3.5	18	1
' LaMelo Ball CHA	PG	22	32.3	23.9	8.3	19.2	43.3	3.2	9	35.5	4.1	4.7	86.5	5.1	8	1.8	0.2	3.8	7	1
i Desmond Bane MEM	SG	42	34.4	23.7	8.6	18.5	46.4	3.3	8.6	38.1	3.3	3.8	87	4.4	5.5	1	0.5	2.7	3	0
Æ Lauri Markkanen Utah	PF	55	33.1	23.2	7.8	16.2	48	3.2	8	39.9	4.5	5	89.9	8.2	2	0.9	0.5	1.4	19	0
Anfernee Simons POR	SG	46	34.4	22.6	7.8	18.2	43	3.4	8.8	38.5	3.5	3.9	91.6	3.6	5.5	0.5	0.1	2.7	3	0
Jerami Grant por	SF	54	33.9	21	7.1	15.7	45.1	2.1	5.1	40.2	4.7	5.8	81.7	3.5	2.8	0.8	0.6	2.1	1	0
Tyler Herro MIA	PG	42	33.5	20.8	7.7	17.5	44.1	3.1	7.9	39.6	2.3	2.6	85.6	5.3	4.5	0.7	0.1	2.2	2	0
I Kristaps Porzingis bos	C	57	29.6	20.1	6.8	13.2	51.6	1.9	5.1	37.5	4.5	5.3	85.8	7.2	2	0.7	1.9	1.6	13	0
' Zach LaVine chi	SG	25	34.9	19.5	6.8	15	45.2	2.4	6.8	34.9	3.5	4.1	85.4	5.2	3.9	0.8	0.3	2.1	1	0
Bradley Beal phx	SG	53	33.3	18.2	7.1	13.9	51.3	1.9	4.4	43	2.1	2.5	81.3	4.4	5	1	0.5	2.5	3	0
' Darius Garland CLE	PG	57	33.3	18	6.6	14.8	44.6	2.3	6.2	37.1	2.6	3.1	83.4	2.7	6.5	1.3	0.1	3.1	6	0
Æ Jordan Clarkson Utah	PG	55	30.6	17.1	6.1	14.8	41.3	1.7	5.6	29.4	3.2	3.7	88.1	3.4	5	0.6	0.1	2.7	6	1
Deandre Ayton POR	C	55	32.4	16.7	7.8	13.6	57	0	0.2	10	1.2	1.4	82.3	11.1	1.6	1	0.8	1.8	32	0
i Jalen Johnson atl	SF	56	33.7	16	6.4	12.5	51.1	1.3	3.6	35.5	1.9	2.6	72.8	8.7	3.6	1.2	0.8	1.8	19	1
Shaedon Sharpe POR	SG	32	33.1	15.9	5.5	13.6	40.6	1.9	5.6	33.3	3.1	3.7	82.4	5	2.9	0.9	0.4	2.3	1	0
Malcolm Brogdon por	PG	39	28.7	15.7	5.6	12.7	44	2.1	5.1	41.2	2.4	3	81.9	3.8	5.5	0.7	0.2	1.5	4	0
Evan Mobley cle	PF	50	30.6	15.7	6.4	11.1	57.9	0.4	1.2	37.3	2.5	3.4	71.9	9.4	3.2	0.9	1.4	1.8	22	0
i De'Andre Hunter ATL	SF	57	29.5	15.6	5.3	11.6	45.9	2.1	5.3	38.5	2.9	3.4	84.7	3.9	1.5	0.7	0.3	1.5	3	0
I Bojan Bogdanovic ny/det	SF	57	25.9	15.2	5.4	11.9	45.4	2.3	5.9	39.8	2.1	2.6	78.5	2.7	1.7	0.5	0.1	1.8	1	0
Khris Middleton MIL	SF	55	27	15.1	5.8	11.7	49.3	1.7	4.5	38.1	1.8	2.2	83.3	4.7	5.3	0.9	0.3	2.3	5	1
Trey Murphy III no	SG	57	29.6	14.8	4.8	10.9	44.3	3	7.8	38	2.2	2.6	81.5	4.9	2.2	0.9	0.5	0.6	1	0
OG Anunoby tor/ny	SF	50	34	14.7	5.6	11.5	48.9	2	5.3	38.2	1.3	1.8	75.3	4.2	2.1	1.4	0.7	1.6	0	0
i GG Jackson II mem	F	48	25.7	14.6	5	11.7	42.8	2.1	6	35.7	2.4	3.2	75.2	4.1	1.2	0.6	0.5	1.4	2	0
i Marcus Smart mem	PG	20	30.3	14.5	5.1	11.9	43	2.1	6.7	31.3	2.2	2.8	76.8	2.7	4.3	2.1	0.3	3.1	0	0
i Scotty Pippen Jr. mem	G	21	25.1	12.9	4.8	9.7	49.3	1.4	3.4	41.7	2	2.6	74.5	3.2	4.7	1.7	0.5	2.7	0	0
Mark Williams cha	C	19	26.7	12.7	5.2	7.9	64.9	0	0	0	2.4	3.4	71.9	9.7	1.2	0.8	1.1	0.9	8	0
Cam Whitmore HOU	F	47	18.7	12.3	4.5	9.9	45.4	1.7	4.7	35.9	1.6	2.4	67.9	3.8	0.7	0.6	0.4	1	1	0
Javonte Green chi	G	9	25.6	12.2	5	8.3	60	1.1	3	37	1.1	1.4	76.9	7.4	0.6	1.1	0.9	0.8	1	0
Marvin Bagley III wsh/det	PF	50	21.1	11.7	4.8	8.2	58.6	0.2	0.5	39.1	1.9	2.5	76.2	6.2	1.1	0.4	0.7	1.2	10	0
Brandon Clarke MEM	PF	6	22.3	11.3	5.5	9.8	55.9	0.2	1	16.7	0.2	1.2	14.3	5.3	1.5	0.8	1	0.5	0	0
Jakob Poeltl tor	C	50	26.4	11.1	5	7.6	65.6	0	0	0	1.2	2.1	55.1	8.6	2.5	0.7	1.5	1.5	20	0
De'Anthony Melton phi	SG	38	26.9	11.1	3.7	9.5	38.6	2	5.6	36	1.7	2.1	83.5	3.7	3	1.6	0.4	1	0	0
Luke Kennard MEM	SG	39	25.6	11	3.6	8.1	44.8	2.7	6.1	45	1	1.2	88.9	2.9	3.5	0.5	0.1	1.4	0	0
Wendell Carter Jr. orl	C	55	25.6	11	4.1	7.7	52.5	1.2	3.1	37.4	1.7	2.4	69.4	6.9	1.7	0.6	0.5	1.2	9	0
Isaiah Stewart det	C	46	30.9	10.9	4	8.3	48.7	1.5	3.8	38.3	1.4	1.8	75.3	6.6	1.6	0.4	0.8	1.4	5	0
Jake LaRavia mem	F	35	23	10.8	3.4	8.7	38.9	1.5	4.5	34	2.6	3.1	82.6	3.7	1.7	0.8	0.3	1.3	2	0
Dalano Banton POR/BOS	G	54	19.4	10.3	3.7	9.3	40.4	1.1	3.7	29.6	1.7	2.2	78.3	3.3	2.4	0.6	0.4	1.4	2	0
Onyeka Okongwu atl	PF	55	25.5	10.2	4.1	6.6	61.1	0.4	1.3	33.3	1.7	2.1	79.3	6.8	1.3	0.5	1.1	0.8	8	0
Talen Horton-Tucker UTAH	SG	51	19.8	10.1	3.6	9.1	39.6	1.2	3.6	33	1.7	2.1	80.7	2.4	3.5	0.9	0.4	1.3	1	0
Vince Williams Jr. mem	G	52	27.6	10	3.3	7.3	44.6	1.5	4	37.8	2	2.5	80	5.6	3.4	0.9	0.7	1.8	3	0
Patrick Williams chi	PF	43	27.3	10	3.7	8.3	44.3	1.4	3.4	39.9	1.2	1.5	78.8	3.9	1.5	0.9	0.8	1.3	0	0
Josh Richardson mia	SG	43	25.7	9.9	3.6	8.1	44.4	1.5	4.4	34.7	1.2	1.3	94.4	2.8	2.4	0.6	0.3	0.8	0	0
Gordon Hayward okc/cha	SF	51	24.4	9.8	3.7	7.9	46.4	0.7	1.8	41.1	1.7	2.4	74.2	3.5	3.1	0.8	0.3	1.3	0	0
Tari Eason hou	F	22	21.8	9.8	4	8.6	46.6	0.8	2.3	36	1	1.5	63.6	7	1.2	1.4	0.9	0.9	3	0
Tre Mann okc/cha	PG	41	24.1	9.3	3.5	7.7	45.9	1.1	3.1	37.3	1.1	1.4	76.3	3.6	4	1.2	0.1	1.6	0	0
Kevin Love mia	PF	55	16.8	8.8	2.9	6.5	44	1.5	4.4	34.4	1.5	2	78.7	6.1	2.1	0.3	0.2	0.9	6	0
Dereck Lively II dal	C	55	23.5	8.8	4	5.4	74.7	0	0	0	0.7	1.5	50.6	6.9	1.1	0.7	1.4	0.9	8	0
Draymond Green gs	PF	55	27.1	8.6	3.4	6.8	49.7	0.9	2.3	39.5	1	1.3	73	7.2	6	1	0.9	2.5	10	1
Tristan Vukcevic wsh	PF	10	15.3	8.5	2.9	6.7	43.3	1	3.6	27.8	1.7	2.2	77.3	3.6	1.3	0.5	0.7	1	0	0
Ziaire Williams MEM	F	51	20.4	8.2	2.9	7.4	39.7	1.1	3.7	30.7	1.2	1.5	82.7	3.5	1.5	0.7	0.2	1.3	1	0
Josh Green dal	SG	57	26.4	8.2	3.1	6.6	47.9	1.3	3.3	38.5	0.7	1	68.4	3.2	2.3	0.8	0.2	1.1	0	0
Derrick Rose mem	PG	24	16.6	8	3.2	6.9	46.1	0.6	1.7	36.6	1	1.1	88.9	1.9	3.3	0.3	0.1	1.3	0	0
Markelle Fultz orl	PG	43	21.2	7.8	3.6	7.6	47.2	0.1	0.4	22.2	0.5	0.8	69.7	3.2	2.8	1	0.3	1.2	0	0
Dante Exum DAL	G	55	19.8	7.8	2.9	5.5	53.3	1	2	49.1	1	1.2	77.9	2.7	2.9	0.4	0.1	0.9	0	0
RaiQuan Gray sa	F	3	13	7.7	3.3	5.7	58.8	1	2.3	42.9	0	0	0	2.3	2	0.3	0.3	0.3	0	0
Nikola Jovic mia	F	46	19.5	7.7	2.8	6.1	45.2	1.4	3.5	39.9	0.7	1	70.2	4.2	2	0.5	0.3	0.9	0	0
Cody Martin cha	SF	28	26.9	7.5	2.9	7.7	38.1	1	3.1	31.4	0.7	1.2	60.6	3.9	3.7	1.1	0.6	1.6	1	0
Brice Sensabaugh UTAH	F	32	18.3	7.5	2.7	6.8	39	1.1	3.6	29.6	1.2	1.3	90.2	3.2	1.7	0.4	0.2	1.5	1	0
Taylor Hendricks UTAH	F	40	21.4	7.3	2.7	6	45	1.3	3.5	37.9	0.6	0.7	79.3	4.6	0.8	0.7	0.8	0.7	1	0
Johnny Juzang UTAH	G	20	18.6	7.2	2.6	5.5	46.4	1.6	3.9	41.6	0.5	0.7	71.4	1.8	1.2	0.2	0.1	0.7	0	0
Kevin Knox II det	SF	31	18.1	7.2	2.8	6	46.2	1	3	33	0.6	0.7	90.9	2.4	0.7	0.4	0.2	0.7	1	0
Lamar Stevens BOS/MEM	PF	38	14.7	7.2	2.8	6.3	45	0.4	1.2	30.4	1.1	1.4	77.8	3.3	0.7	0.6	0.6	0.6	0	0
Landry Shamet wsh	SG	46	15.8	7.1	2.6	6	43.1	1.2	3.4	33.8	0.8	1	82.6	1.3	1.2	0.5	0.2	0.7	0	0
Jose Alvarado no	PG	56	18.4	7.1	2.5	6.2	41.2	1.4	3.7	37.7	0.6	0.9	67.3	2.3	2.1	1.1	0.3	0.7	0	0
Quentin Grimes NY/DET	SG	51	20.1	7	2.4	6.4	37.2	1.6	4.7	33.8	0.7	0.9	75.6	2	1.3	0.7	0.1	0.5	0	0
Jordan Nwora ind/tor	SF	52	13.7	7	2.7	5.8	46.2	0.8	2.5	33.6	0.8	1	83	2.9	1.2	0.5	0.3	1	2	0
Javon Freeman-Liberty TOR	G	22	18.3	7	2.5	5.6	44.4	0.5	1.9	23.8	1.5	1.6	91.7	3.2	1.8	0.5	0.2	1.1	0	0
Christian Wood lal	F	50	17.4	6.9	2.5	5.3	46.6	0.7	2.3	30.7	1.3	1.9	70.2	5.1	1	0.3	0.7	1	2	0
Bones Hyland LAC	PG	37	14.6	6.9	2.6	6.8	38.6	1.2	3.6	32.6	0.5	0.6	78.3	1.5	2.5	0.7	0.1	1.2	1	0
Gary Harris orl	SG	54	24	6.9	2.4	5.5	44.1	1.4	3.8	37.1	0.6	0.8	75.6	1.7	1.6	0.9	0.3	0.6	0	0
Killian Hayes det	PG	42	24	6.9	2.8	6.7	41.3	0.5	1.8	29.7	0.8	1.2	66	2.8	4.9	0.9	0.5	1.2	0	0
Evan Fournier ny/det	SG	32	18.1	6.9	2.5	6.9	35.7	1	4.1	25.4	0.9	1.1	80.6	1.8	1.5	0.9	0.2	0.7	0	0
Maozinha Pereira mem	F	7	17.4	6.9	2.6	5	51.4	0.7	1.9	38.5	1	1.4	70	5.3	0.3	0.9	0.6	0.7	1	0
Trey Jemison wsh/mem	C	25	23	6.8	3	5.4	55.1	0	0	0	0.8	1	84	5.4	1.1	0.5	1.1	1.4	1	0
Robert Williams III por	C	6	19.8	6.8	2.8	4.3	65.4	0	0	0	1.2	1.5	77.8	6.3	0.8	1.2	1.2	1.2	0	0
Davis Bertans okc/cha	SF	43	15.7	6.7	2.1	5.4	39.3	1.8	4.7	38	0.7	0.8	90.9	1.4	0.8	0.6	0.3	0.4	0	0
Jahmi'us Ramsey tor	SG	7	17.3	6.7	2.6	5.9	43.9	0.9	3.1	27.3	0.7	0.9	83.3	3.1	1.1	1	0	1	0	0
Dennis Smith Jr. bkn	PG	56	18.9	6.6	2.6	6	43.5	0.6	1.9	29.4	0.8	1	74.1	2.9	3.6	1.2	0.2	1.2	3	0
Chimezie Metu det/phx	PF	51	16.8	6.5	2.4	4.8	50.4	0.5	1.8	29.8	1.1	1.3	90.6	3.8	0.9	0.8	0.3	1	1	0
David Duke Jr. SA	G	4	12.8	6.5	2.5	4.5	55.6	0.8	1.5	50	0.8	0.8	100	2.5	1.3	0.5	0	0.8	0	0
Jordan Goodwin mem/phx	G	57	18.5	6.5	2.5	6.7	36.9	0.7	2.5	29.8	0.8	1	74.6	4.4	2.7	0.8	0.3	1	4	0
Marcus Morris Sr. cle/phi	SF	49	16.7	6.4	2.4	5.4	43.9	1	2.4	40.3	0.7	0.9	81.8	2.7	0.7	0.3	0.3	0.6	0	0
Chris Boucher tor	PF	50	14.1	6.4	2.2	4.3	50.7	0.6	1.9	33	1.4	1.8	77.2	4.1	0.5	0.3	0.5	0.6	0	0
Jared Butler wsh	SG	40	14.2	6.3	2.5	5	48.8	0.6	2	30.8	0.8	0.9	86.1	1.5	3.2	0.7	0.2	1.3	1	0
Bruno Fernando atl	F	45	15.2	6.3	2.4	4.2	58.3	0	0.1	0	1.4	2.1	66.7	4.3	1	0.6	0.6	1	0	0
Jae Crowder MIL	PF	50	23.1	6.2	2.3	5.4	42.2	1.2	3.3	34.9	0.5	0.7	72.2	3.2	1.3	0.8	0.2	0.5	0	0
Jaylen Nowell mem/det	SG	13	16.5	6.2	2.6	6	43.6	0.5	2.2	20.7	0.5	0.7	77.8	1.8	1.5	0.3	0.2	0.5	0	0
Keon Johnson bkn	G	5	12.2	6.2	1.6	4.2	38.1	0.8	2	40	2.2	2.4	91.7	1.4	0.6	0.6	0.2	1	0	0
Vit Krejci atl	G	22	24.6	6.1	2.3	4.7	49	1.3	3.1	41.2	0.2	0.3	83.3	2.4	2.3	0.6	0.3	0.9	0	0
Ben Simmons bkn	PG	15	23.9	6.1	2.9	4.9	58.1	0	0	0	0.4	1	40	7.9	5.7	0.8	0.6	1.8	3	0
Zavier Simpson mem	G	7	23	6	2.4	7.7	31.5	0.7	2.4	29.4	0.4	0.6	75	2.9	3.6	1	0.4	1.4	0	0
Tosan Evbuomwan mem/det	F	17	21.6	5.9	2.1	4.2	50.7	0.7	1.9	37.5	1	1.5	68	3.5	0.9	0.4	0.3	0.5	0	0
Justin Champagnie wsh	SF	15	15.7	5.9	2.1	5.2	41	0.9	3	28.9	0.8	1	80	3.5	1.3	0.7	0.6	0.7	0	0
Nick Smith Jr. CHA	G	51	14.3	5.9	2.2	5.7	39.1	1.2	2.9	43.2	0.3	0.3	86.7	1.4	1.2	0.2	0.1	0.8	0	0
Noah Clowney bkn	F	23	16.1	5.8	2.2	4	53.8	0.5	1.4	36.4	0.9	1.3	70	3.5	0.8	0.3	0.7	0.7	1	0
Torrey Craig chi	SF	53	19.8	5.7	2	4.7	43	1.1	2.9	39.2	0.5	0.7	75	4.1	1.1	0.6	0.4	0.6	1	0
Danilo Gallinari MIL/WSH/DET	PF	49	12.8	5.7	1.7	3.9	43.7	0.6	1.9	32.3	1.7	2	85.7	2.2	1.1	0.3	0.1	0.5	0	0
Thomas Bryant mia	C	38	11.6	5.7	2.3	3.9	57.7	0.1	0.6	18.2	1.1	1.2	87.2	3.7	0.6	0.3	0.4	0.6	2	0
Craig Porter Jr. CLE	G	51	12.7	5.6	2.3	4.5	50.9	0.2	0.7	35.3	0.8	1.1	73.2	2.1	2.3	0.4	0.3	0.9	0	0
Mitchell Robinson ny	C	31	24.8	5.6	2.4	4.1	57.5	0	0	0	0.9	2.1	40.9	8.5	0.6	1.2	1.1	0.8	2	0
Dexter Dennis DAL	G	4	7.5	5.5	2.5	4.8	52.6	0.3	2	12.5	0.3	0.8	33.3	2.3	1	0	0.3	0.8	0	0
Neemias Queta bos	C	28	11.9	5.5	2.4	3.7	64.4	0	0	0	0.7	1	71.4	4.4	0.7	0.5	0.8	0.5	2	0
Gary Payton II gs	SG	44	15.5	5.5	2.3	4.2	56.3	0.5	1.3	36.4	0.3	0.5	60.9	2.6	1.1	0.9	0.4	0.6	0	0
Keon Ellis sac	G	57	17.2	5.4	1.9	4.1	46.1	1.2	2.9	41.7	0.5	0.6	74.3	2.2	1.5	0.9	0.5	0.6	0	0
Matt Ryan NO	F	28	13.9	5.4	1.8	4	43.4	1.5	3.3	45.1	0.5	0.5	92.9	1.4	0.6	0.2	0	0.7	0	0
Cam Reddish lal	SF	48	20.5	5.4	1.9	4.9	38.9	0.8	2.3	33.6	0.9	1.1	75.9	2.1	1	1	0.3	0.6	0	0
Ricky Council IV PHI	G	32	9	5.4	1.7	3.5	48.2	0.4	1	37.5	1.7	2.2	74.6	1.4	0.5	0.3	0	0.2	1	0
Dean Wade cle	PF	54	20.5	5.4	1.8	4.3	41.4	1.5	3.7	39.1	0.4	0.5	76.9	4	0.8	0.7	0.5	0.4	0	0
Sasha Vezenkov sac	F	42	12.2	5.4	2	4.5	44	1.1	2.9	37.5	0.3	0.4	80	2.3	0.5	0.5	0.2	0.3	0	0
Darius Bazley utah/phi	F	9	16.9	5.3	2	3.3	60	0.2	0.9	25	1.1	1.3	83.3	3.1	0.8	0.7	0.8	0.9	0	0
Mason Plumlee lac	C	46	14.7	5.3	1.9	3.3	56.9	0	0.1	0	1.5	2.2	70.7	5.1	1.2	0.3	0.4	0.8	2	0
Stanley Umude det	G	24	12.8	5.3	1.5	3.5	44	1	2.2	45.3	1.2	1.3	90.6	2.1	0.5	0.3	0.3	0.6	0	0
Xavier Tillman bos/mem	F	54	18.1	5.3	2.2	5.2	43.4	0.4	1.5	24.7	0.4	0.9	44	3.9	1.4	0.9	0.8	0.6	2	0
Brandon Boston Jr. LAC	SG	32	10.8	5.2	2	5	40.4	0.4	1.6	26.9	0.7	1	69.7	1.6	0.4	0.3	0.3	0.8	0	0
Aleksej Pokusevski okc/cha	F	28	14.5	5.2	1.8	4.3	40.5	0.6	2	32.7	1.1	1.5	73.2	3.2	1.3	0.5	0.5	0.7	0	0
Bol Bol PHX	C	43	10.9	5.2	2.2	3.5	61.6	0.5	1.2	42.3	0.3	0.4	78.9	3.2	0.4	0.2	0.6	0.4	1	0
Jarred Vanderbilt lal	PF	29	20	5.2	2	3.9	51.8	0.3	0.9	29.6	0.8	1.2	66.7	4.8	1.2	1.2	0.2	1	0	0
Seth Curry dal/cha	SG	44	14	5.1	1.8	4.6	39.2	0.9	2.5	35.2	0.6	0.7	90.3	1.5	1	0.5	0.1	0.5	0	0
D.J. Wilson phi	F	2	7.5	5	2	3	66.7	1	1	100	0	0	0	1	1	0	1	0	0	0
Kobi Simmons tor	G	4	16.8	5	2.3	5.3	42.9	0.5	2	25	0	0	0	1.8	3	1.5	0.5	0.3	0	0
Jalen Wilson BKN	F	43	15.5	5	1.8	4.2	42.5	0.6	1.7	32.4	0.9	1.1	82.6	3	1	0.3	0.1	0.4	1	0
Richaun Holmes wsh/dal	F	40	13.9	5	2.1	3.7	55.8	0	0.1	33.3	0.9	1.2	72.3	4.6	0.6	0.3	0.5	0.6	4	0
Monte Morris min/det	PG	33	14.4	5	1.9	4.6	40.5	0.8	2.1	38.6	0.4	0.6	68.4	1.7	2.1	0.6	0.3	0.2	0	0
Devonte' Graham SA	PG	23	13.6	5	1.7	4.7	35.2	1.1	3.6	30.1	0.6	0.7	81.3	1.6	2.1	0.4	0.1	0.7	0	0
Isaiah Livers wsh/det	PF	23	20.4	5	1.7	5	34.5	1	3.3	28.6	0.5	0.8	66.7	2.1	1.1	0.6	0.2	0.7	0	0
Jock Landale hou	C	56	13.6	4.9	1.9	3.7	51.5	0.2	0.7	25	0.9	1.2	80	3.1	1.2	0.4	0.6	0.6	1	0
Jared Rhoden det	G	17	14.4	4.9	1.9	3.9	50	0.7	1.8	38.7	0.3	0.5	62.5	1.9	0.8	0.2	0.8	0.4	0	0
Eugene Omoruyi wsh	F	43	9.1	4.8	1.9	3.9	48.5	0.3	1.1	28.3	0.7	1.1	65.3	2	0.8	0.6	0.1	0.5	1	0
DeJon Jarreau mem	F	9	16.7	4.8	1.9	5.6	34	0.4	1.4	30.8	0.6	1.2	45.5	4.9	2.9	0.7	0.2	1	0	0
Kobe Bufkin atl	G	17	11.5	4.8	2	5.4	37	0.5	2.4	22.5	0.2	0.5	50	1.9	1.6	0.4	0.3	0.6	0	0
Omer Yurtseven UTAH	C	48	11.4	4.6	2.1	3.8	53.8	0.1	0.5	20.8	0.4	0.6	67.9	4.3	0.6	0.2	0.4	0.8	2	0
Kenneth Lofton Jr. utah/mem/phi	F	21	9.4	4.6	1.7	3.7	46.2	0.3	1.1	29.2	0.8	1.2	65.4	1.8	1.6	0.3	0.2	0.7	0	0
Julian Strawther DEN	G	50	10.9	4.5	1.6	4.4	36.9	0.8	2.8	29.7	0.4	0.6	71	1.2	0.9	0.3	0.1	0.5	0	0
Shake Milton min/ny/det	SG	48	12.1	4.5	1.6	4.1	40.5	0.4	1.3	28.1	0.8	1	81.6	1.6	1.3	0.4	0.1	0.6	0	0
Taze Moore por	G	4	10	4.5	2	4.8	42.1	0.3	1.8	14.3	0.3	0.5	50	2	1.3	0.5	0	0.8	0	0
AJ Green mil	G	56	11	4.5	1.5	3.5	42.3	1.2	3	40.8	0.3	0.3	89.5	1.1	0.5	0.2	0.1	0.2	0	0
Delon Wright mia/wsh	SG	47	15.8	4.5	1.6	4	39.4	0.5	1.4	36.8	0.8	1	82.2	1.8	2.5	1.1	0.2	0.3	0	0
Patrick Baldwin Jr. wsh	F	38	13	4.4	1.6	4.1	38.1	0.8	2.6	32	0.5	0.8	69	3.2	0.8	0.5	0.4	0.5	2	0
Maxi Kleber dal	PF	43	20.3	4.4	1.5	3.4	43.2	0.7	2.1	34.8	0.8	1.1	70.2	3.3	1.6	0.4	0.7	0.7	1	0
Mo Bamba phi	C	57	13	4.4	1.7	3.5	49	0.4	1.1	39.1	0.6	0.9	68	4.2	0.7	0.4	1.1	0.7	1	0
Lester Quinones GS	G	37	10.6	4.4	1.5	3.8	39.7	0.9	2.4	36.4	0.5	0.8	69	1.9	1	0.2	0.1	0.5	0	0
Jontay Porter tor	C	26	13.8	4.4	1.5	4	38.5	0.8	2.3	33.3	0.6	0.7	83.3	3.2	2.3	0.8	0.8	0.8	0	0
Ben Sheppard ind	G	57	14.3	4.4	1.6	4	39.3	0.9	2.7	31.4	0.4	0.5	88.5	1.6	0.9	0.6	0	0.3	0	0
MarJon Beauchamp mil	F	48	12.7	4.4	1.7	3.5	48.8	0.6	1.6	40	0.4	0.6	67.9	2.1	0.6	0.3	0.1	0.6	0	0
Robert Covington lac/phi	PF	29	16.8	4.4	1.5	3.4	43.9	0.7	1.9	33.9	0.8	0.9	84.6	3.3	0.8	1.3	0.6	0.4	0	0
Dominick Barlow SA	F	33	12.7	4.4	1.7	3.4	49.6	0.1	0.3	33.3	0.9	1.3	69	3.4	1.1	0.4	0.4	0.3	0	0
Bismack Biyombo okc/mem	C	40	19.8	4.4	1.9	3.3	56.5	0	0	0	0.7	1.4	48.1	5.2	1.3	0.3	0.9	1.1	2	0
Jeff Dowtin Jr. phi	G	12	11.8	4.3	1.7	3	55.6	0.8	1.6	47.4	0.3	0.3	75	1.7	2.3	0.6	0.1	0.4	0	0
Dru Smith mia	G	9	14.6	4.3	1.7	3.7	45.5	0.8	1.9	41.2	0.2	0.2	100	1.6	1.6	1	0.3	0.6	0	0
John Konchar mem	SG	55	21.3	4.3	1.6	3.8	42.3	0.7	2.2	31.7	0.4	0.5	84	4.7	2	0.9	0.9	0.8	1	0
Danuel House Jr. phi	SF	34	15	4.2	1.4	3.1	44.8	0.4	1.5	30	1	1.4	76.1	1.7	0.8	0.4	0.1	0.6	0	0
Jacob Gilyard bkn/mem	G	41	17	4.2	1.5	3.7	40	1.2	3.1	40.5	0	0	100	1.1	3.3	0.8	0.1	0.7	0	0
Ashton Hagans por	G	19	16.6	4.2	1.5	3.7	40.8	0.4	1.3	32	0.7	0.9	82.4	2.4	2.8	0.6	0.5	1.6	0	0
Armoni Brooks BKN	G	10	10.4	4.2	1.5	4.6	32.6	1.1	3.2	34.4	0.1	0.2	50	1.8	0.5	0.1	0.1	0.3	0	0
Thaddeus Young tor/phx	F	33	13.3	4.2	2	3.3	60.2	0	0.2	14.3	0.2	0.5	40	3.1	1.7	0.7	0.2	0.5	0	0
Sandro Mamukelashvili SA	PF	46	9.8	4.1	1.6	3.4	47.1	0.4	1.4	29.7	0.5	0.7	73.5	3.2	1.1	0.2	0.3	0.4	3	0
Luka Samanic Utah	F	43	9.4	4.1	1.4	3.7	38	0.3	1.5	20.3	1	1.3	78.6	2.4	0.4	0.1	0.2	0.7	1	0
Skylar Mays por/lal	SG	38	11.4	4.1	1.7	4.2	39.6	0.4	1.4	29.6	0.3	0.4	76.5	1.1	2.2	0.6	0.1	0.5	2	0
Ousmane Dieng OKC	F	33	11.1	4	1.5	3.5	42.2	0.6	2.1	30	0.4	0.5	87.5	1.5	1.1	0.2	0.2	0.6	0	0
JaVale McGee sac	C	46	7.4	4	1.7	2.9	59.8	0	0.2	14.3	0.6	1	57.8	2.7	0.4	0.3	0.4	0.7	0	0
Izaiah Brockington NO	G	1	3	4	2	5	40	0	1	0	0	0	0	2	0	0	0	0	0	0
Matt Hurt MEM	F	8	14.1	4	1.5	4.3	35.3	0.6	2.5	25	0.4	0.4	100	2	0.5	0.4	0.4	0.3	0	0
Adama Sanogo CHI	C	9	7.3	4	1.6	3	51.9	0	0	0	0.9	1.3	66.7	4	0	0.1	0	0.6	1	0
Mouhamed Gueye atl	F	6	12.2	4	1.3	3.8	34.8	0.5	1.5	33.3	0.8	1	83.3	3.7	0.7	0.8	0.7	0.2	0	0
Rayan Rupert por	G	39	16.2	4	1.4	4.1	33.5	0.7	2	35.9	0.5	0.6	76	2.4	1.6	0.3	0.1	0.8	0	0
Patty Mills atl/mia	PG	32	13	4	1.4	4.1	35.1	0.8	2.7	27.6	0.3	0.3	100	1.1	1.1	0.6	0	0.5	0	0
Luka Garza min	c	25	4.9	4	1.4	3	48	0.4	1.3	28.1	0.7	1	72	1.2	0.2	0.2	0	0.2	0	0
Svi Mykhailiuk BOS	SG	41	10.1	4	1.4	3.3	41.6	1	2.6	38.9	0.1	0.2	66.7	1.2	0.9	0.3	0	0.3	0	0
DeAndre Jordan den	C	36	11	3.9	1.6	2.6	62.4	0	0	0	0.7	1.5	49.1	4.4	0.7	0.2	0.4	0.6	1	0
Jules Bernard wsh	G	19	7.8	3.9	1.5	3.4	45.3	0.6	1.5	37.9	0.3	0.5	55.6	1.4	0.8	0.2	0.1	0.4	0	0
Anthony Gill wsh	PF	50	9.3	3.8	1.5	3.2	46.9	0.2	0.8	24.4	0.6	0.7	80.6	1.9	0.7	0.3	0.2	0.5	0	0
Sidy Cissoko SA	G	12	11.8	3.8	1.3	2.8	48.5	0.1	1	8.3	1	1.3	80	1.8	0.8	0.6	0.3	0.3	0	0
Jamal Cain mia	F	26	10	3.7	1.3	3	43	0.4	1.2	35.5	0.7	0.9	78.3	1.4	0.4	0.4	0.2	0.3	0	0
T.J. Warren MIN	SF	11	11.4	3.7	1.6	3.7	43.9	0.2	1.2	15.4	0.3	0.4	75	2	0.8	0.4	0.1	0.4	0	0
Keita Bates-Diop bkn/phx	SF	53	12.5	3.7	1.4	3.1	43.4	0.4	1.3	30.4	0.6	0.8	76.2	2.1	0.7	0.5	0.4	0.3	0	0
Drew Peterson BOS	F	3	7.7	3.7	1.3	2	66.7	1	1.7	60	0	0	0	0.3	0.3	0.7	0	0.3	0	0
Oshae Brissett bos	SF	55	11.5	3.7	1.2	2.8	44.4	0.3	1	27.3	0.9	1.5	60.2	2.9	0.8	0.3	0.1	0.4	0	0
Jarace Walker ind	F	33	10.3	3.6	1.4	3.3	40.9	0.7	1.7	40	0.2	0.3	88.9	1.9	1.2	0.5	0.3	0.5	0	0
Collin Gillespie den	G	24	9.4	3.6	1.3	2.9	46.4	0.6	1.6	39.5	0.3	0.5	66.7	0.9	1.1	0.5	0	0.6	0	0
Lindy Waters III OKC	F	38	7.4	3.6	1.3	2.7	47.1	1	2.2	43.5	0.1	0.1	100	1.1	0.6	0.1	0.2	0.2	0	0
James Bouknight cha	SG	14	5.8	3.6	1.3	2.9	43.9	0.9	2.1	43.3	0.1	0.1	50	0.6	0.4	0.1	0.1	0.1	0	0
Gui Santos GS	F	23	8.3	3.6	1.2	2.4	50.9	0.4	1.2	37	0.7	0.7	94.1	2.1	0.6	0.2	0.1	0.3	0	0
Jordan McLaughlin min	PG	56	11.2	3.5	1.3	2.6	48.3	0.8	1.6	47.2	0.2	0.3	72.2	1.3	2	0.6	0.1	0.3	0	0
Onuralp Bitim chi	SF	23	11.7	3.5	1.4	3.7	38.1	0.5	1.9	27.3	0.2	0.2	80	1.4	0.6	0.1	0.1	0.4	0	0
Theo Maledon cha/phx	PG	17	12.5	3.5	1.2	4.1	28.6	0.3	1.8	16.7	0.8	0.9	93.3	1.4	1.6	0.4	0	1.1	0	0
Yuta Watanabe mem/phx	SF	34	13.6	3.4	1.2	3.4	35.3	0.7	2.5	29.4	0.3	0.5	58.8	1.6	0.4	0.4	0.2	0.6	0	0
Moses Brown por	C	22	9.1	3.4	1.5	3	50.8	0	0	0	0.4	1.4	29	3.9	0.3	0.2	0.3	0.5	0	0
Wenyen Gabriel MEM	F	5	16.2	3.4	1.6	4.4	36.4	0.2	1.2	16.7	0	1	0	5	0.6	0.4	0.4	1.6	0	0
Buddy Boeheim det	F	10	8.4	3.4	0.9	2.9	31	0.8	2.5	32	0.8	1	80	1	0.3	0	0.1	0	0	0
Ryan Rollins mil/wsh	G	13	6	3.4	1.1	2.1	51.9	0.2	0.3	75	1	1.3	76.5	1	1.1	0.8	0.2	0.6	0	0
Jalen McDaniels tor	PF	50	10.8	3.4	1.3	3.8	34.4	0.2	1.4	16.9	0.5	0.7	73	1.6	0.7	0.4	0.1	0.6	0	0
Nassir Little phx	SF	45	10.2	3.4	1.3	2.8	46	0.5	1.6	30	0.4	0.4	85	1.7	0.5	0.2	0.2	0.3	0	0
Marques Bolden mil/cha	C	11	11	3.4	1.5	2.3	68	0	0.1	0	0.3	0.4	75	3.1	0.4	0.3	0.6	0.3	0	0
Jaden Springer bos/phi	G	49	10.3	3.3	1.2	3	39.9	0.2	1	20.8	0.7	0.9	83.3	1.6	0.9	0.7	0.3	0.7	0	0
Charles Bassey SA	C	19	10.8	3.3	1.5	2.1	72.5	0	0.1	0	0.3	0.3	83.3	4	1.1	0.4	0.9	0.8	0	0
Micah Potter Utah	C	16	11.6	3.3	1.2	2.5	47.5	0.6	1.3	42.9	0.4	0.5	75	2.7	0.4	0.3	0.4	0.3	0	0
Tristan Thompson cle	C	49	11.2	3.3	1.5	2.4	61.3	0	0	0	0.3	1.1	28.8	3.6	1	0.2	0.3	0.6	1	0
Garrett Temple tor	SF	27	10.7	3.3	1.1	2.9	37.2	0.4	1.5	30	0.7	0.8	81.8	1.7	1	0.4	0.1	0.5	0	0
Oscar Tshiebwe ind	C	8	5.3	3.3	1.3	2.5	50	0	0	0	0.8	1	75	2	0.3	0.3	0.1	0	0	0
Terquavion Smith phi	G	16	5.3	3.3	1.1	2.9	39.1	0.8	2.2	37.1	0.2	0.3	60	0.3	0.8	0.5	0	0.4	0	0
A.J. Lawson DAL	G	42	7.4	3.2	1.3	2.9	44.6	0.3	1.2	26	0.4	0.5	65.2	1.2	0.5	0.2	0.1	0.3	0	0
Ish Smith cha	PG	43	17.2	3.2	1.5	3.7	41.8	0.1	0.2	50	0.1	0.1	75	1.8	3.4	0.4	0.1	1.1	0	0
Boban Marjanovic HOU	C	14	5.1	3.2	1.3	2.4	52.9	0	0.1	0	0.6	1	64.3	2.3	0.4	0.1	0.1	0.4	0	0
Kira Lewis Jr. no/utah/tor	PG	28	9.4	3.2	1.2	3.3	37	0.1	1.2	12.1	0.6	0.7	85	0.9	1.3	0.3	0.1	0.5	0	0
Brandon Williams DAL	G	17	6.6	3.2	1.2	3.2	37	0.2	0.9	20	0.6	1	64.7	0.8	1	0.1	0.1	0.4	0	0
Gabe Vincent lal	PG	11	19.8	3.1	1.4	4.5	30.6	0.3	2.5	10.7	0.1	0.2	50	0.8	1.9	0.8	0	0.5	0	0
Wesley Matthews atl	SG	36	11.5	3.1	0.9	2.7	35.1	0.7	1.9	34.8	0.5	0.7	75	1.5	0.6	0.4	0.3	0.2	0	0
Johnny Davis WSH	G	50	12.3	3	1.2	3.1	40.3	0.3	0.8	35	0.3	0.5	58.3	1.4	0.6	0.4	0.2	0.3	0	0
Olivier-Maxence Prosper dal	F	40	8.4	3	1	2.6	38.5	0.3	1.1	28.9	0.7	1	68.3	2	0.6	0.2	0.1	0.2	0	0
Mike Muscala OKC/WSH/DET	C	53	11.3	3	1.1	2.9	35.9	0.5	1.8	29.2	0.3	0.5	68	2.4	0.7	0.2	0.2	0.4	0	0
Saben Lee phx	G	24	7.7	3	0.8	2.3	36.4	0.1	0.7	12.5	1.2	1.6	74.4	1.3	1.3	0.3	0.1	0.3	0	0
Jeremiah Robinson-Earl no	F	39	8.6	2.9	1.2	2.4	47.4	0.3	1	33.3	0.3	0.4	75	1.9	0.5	0.3	0.1	0.4	0	0
Nate Williams HOU	G	22	5.9	2.9	1.2	2.3	54	0.1	0.2	40	0.3	0.6	53.8	1	0.3	0.2	0	0.2	0	0
Trevelin Queen orl	SG	14	11.8	2.9	1	2.7	36.8	0.2	1.2	17.6	0.6	0.9	75	1.4	1.3	0.5	0.4	0.5	0	0
Henri Drell CHI	F	4	7.5	2.8	1	2.5	40	0.5	1.5	33.3	0.3	0.5	50	1	1	0.5	0.3	0.5	0	0
D.J. Carton tor	G	4	9	2.8	0.8	2	37.5	0.3	1	25	1	1.3	80	1	0.8	0.3	0	0.3	0	0
Orlando Robinson mia	C	36	8.4	2.8	1	2	50	0.2	0.4	53.3	0.5	0.7	76	2.3	0.9	0.2	0.2	0.5	1	0
Damian Jones cle	C	39	6.9	2.7	1.1	1.8	59.7	0.1	0.4	21.4	0.5	0.5	85.7	1.6	0.4	0.2	0.3	0.3	0	0
Emoni Bates cle	F	15	8.9	2.7	1	3.3	30.6	0.7	2.2	30.3	0.1	0.3	25	0.9	0.7	0.1	0.1	0.5	0	0
Malik Williams tor	C	7	15.3	2.7	1.3	4.9	26.5	0.1	0.7	20	0	0.3	0	5.4	0.3	0.4	0.6	0.4	0	0
Leaky Black cha	F	26	10.9	2.7	1	2	48.1	0.3	0.8	45	0.4	0.6	66.7	1.8	0.9	0.3	0.4	0.2	0	0
Moussa Diabate lac	F	11	5.8	2.6	0.9	1.7	52.6	0	0	0	0.8	1.3	64.3	2.2	0.4	0.5	0.1	0.2	0	0
Otto Porter Jr. UTAH/TOR	SF	15	11.6	2.6	0.9	2.2	42.4	0.5	1.5	34.8	0.2	0.2	100	1.9	0.5	0.3	0.3	0.1	0	0
Timmy Allen mem	F	5	25	2.6	1.2	4.6	26.1	0	1.4	0	0.2	0.4	50	3.4	1	0.8	0	0.4	0	0
Markieff Morris DAL	PF	26	8.3	2.5	0.9	2.6	33.8	0.6	1.6	35.7	0.2	0.2	83.3	1.5	0.6	0.2	0.1	0.5	0	0
Dylan Windier atl/lal/ny	G	17	6.4	2.5	0.9	1.8	50	0.8	1.6	48.1	0	0	0	0.9	0.6	0.1	0	0.1	0	0
Furkan Korkmaz PHI	SG	35	8.6	2.5	0.9	2.2	39.5	0.4	1.1	35	0.4	0.6	70	0.9	0.7	0.4	0.1	0.3	0	0
Alex Len sac	C	48	9.3	2.5	1	1.7	61.7	0	0.1	0	0.4	0.7	58.8	2.7	1	0.2	0.7	0.6	0	0
Greg Brown III dal	PF	6	6.7	2.5	0.8	1.8	45.5	0.2	0.5	33.3	0.7	1.5	44.4	1.5	0.7	0	0.7	0.7	0	0
Alex Fudge lal/dal	F	6	6.7	2.5	1	2.5	40	0.2	0.8	20	0.3	0.3	100	0.8	0	0.5	0	0.3	0	0
Joe Harris det	SF	16	10.6	2.4	0.9	2.4	35.9	0.6	1.9	33.3	0.1	0.1	50	0.8	0.6	0.2	0.1	0.3	0	0
Harry Giles III lal/bkn	F	23	4.3	2.4	1	2.2	46	0.1	0.6	21.4	0.3	0.6	53.8	1.3	0.3	0.1	0.1	0.3	0	0
Cory Joseph GS	PG	26	11.4	2.4	0.9	2.5	35.9	0.5	1.6	31	0.2	0.3	57.1	1.2	1.6	0.2	0.1	0.5	0	0
AJ Griffin ATL	F	20	8.6	2.4	0.9	3.1	29	0.5	2	25.6	0.1	0.1	100	0.9	0.3	0.1	0.1	0.4	0	0
Mouhamadou Gueye tor	F	11	10.9	2.4	1	3.5	28.9	0	0.3	0	0.4	0.8	44.4	2.1	0.5	0.3	1.6	1.1	0	0
Xavier Moon lac	G	14	8.5	2.4	1.1	3.3	32.6	0.1	1.2	11.8	0.1	0.1	50	1.3	1.5	0.2	0.2	0.4	0	0
Jamaree Bouyea por/sa	G	9	10.6	2.3	1.1	3.1	35.7	0.1	1	11.1	0	0	0	2.1	1.2	0.1	0	1	0	0
Cole Swider MIA	F	18	4.8	2.3	0.8	2.1	39.5	0.6	1.7	33.3	0.1	0.1	100	0.4	0.3	0.1	0.1	0.4	0	0
Dereon Seabron no	G	6	9.2	2.3	0.7	2.2	30.8	0.2	0.3	50	0.8	1	83.3	1.2	0.8	0.3	0.2	0	0	0
Isaiah Mobley cle	F	10	7.2	2.3	1	2.4	41.7	0.3	1	30	0	0.1	0	1	0.6	0.2	0	0.2	0	0
Amari Bailey cha	G	10	6.5	2.3	0.8	2.4	33.3	0.1	0.8	12.5	0.6	0.7	85.7	0.9	0.7	0.3	0	0.4	0	0
Chuma Okeke ORL	F	47	9.2	2.3	0.9	2.4	35.7	0.5	1.7	28	0.1	0.1	57.1	1.7	0.4	0.2	0.1	0.3	0	0
Olivier Sarr okc	C	15	6.5	2.3	0.7	1.3	57.9	0.1	0.4	33.3	0.7	1	66.7	2.4	0.1	0	0.5	0.2	0	0
Julian Phillips chi	F	40	8.1	2.2	0.8	1.9	41.6	0.3	1	31.6	0.3	0.5	68.4	0.9	0.3	0.2	0.2	0.3	0	0
Nate Hinton hou	G	15	5	2.2	0.7	1.7	42.3	0.5	0.9	50	0.3	0.3	80	1.5	0.7	0.2	0.1	0.2	0	0
Andre Jackson Jr. mil	G	57	10	2.2	0.9	1.8	50	0.3	0.8	37	0.1	0.2	72.7	2	0.9	0.3	0.1	0.5	1	0
Udoka Azubuike phx	C	16	7.1	2.2	1	1.4	69.6	0	0	0	0.2	0.8	23.1	2	0.2	0.1	0.4	0.3	1	0
Trent Forrest ATL	G	38	10.9	2.2	0.9	2.4	37.8	0.1	0.3	20	0.3	0.4	76.5	1.3	2.4	0.3	0.1	0.5	0	0
Reggie Bullock Jr. hou	SF	44	9.5	2.2	0.8	1.9	41.5	0.6	1.5	40.3	0	0	100	1.7	0.3	0.3	0.1	0.2	0	0
Colby Jones sac	G	30	6.4	2.1	0.9	2.4	39.4	0.1	0.7	9.1	0.2	0.4	54.5	1.3	0.7	0.2	0.2	0.3	0	0
Ish Wainright por/phx	F	11	5.6	2.1	0.6	2.2	29.2	0.6	1.8	35	0.2	0.2	100	1.3	0.1	0.4	0.1	0.2	0	0
Jericho Sims NY	C	45	13	2	0.8	1.2	69.1	0	0	0	0.4	0.5	66.7	3.3	0.6	0.2	0.4	0.4	0	0
Kobe Brown LAC	G	44	9	2	0.8	2	41.1	0.3	1.1	29.2	0	0	50	1.4	0.6	0.3	0.1	0.2	0	0
Mamadi Diakite sa/ny	F	6	4	2	0.7	1	66.7	0	0.2	0	0.7	1	66.7	0.7	0.3	0.2	0.2	0.2	0	0
Ty Jerome CLE	SG	2	7.5	2	1	2	50	0	0.5	0	0	0	0	0.5	1.5	0	0	0.5	0	0
Jordan Ford SAC	G	6	3.7	2	0.7	1.2	57.1	0.3	0.5	66.7	0.3	0.3	100	0.3	0.3	0	0	0.2	0	0
Kevon Harris ORL	G	2	3	2	1	1.5	66.7	0	0	0	0	0	0	1	0.5	0	0	0.5	0	0
Lindell Wigginton mil	G	3	2.7	2	0.7	1.7	40	0	0.7	0	0.7	0.7	100	0	0	0	0	0.3	0	0
Markquis Nowell tor	G	1	4	2	0	1	0	0	0	0	2	2	100	2	2	1	0	0	0	0
Isaiah Wong ind	G	1	4	2	1	3	33.3	0	1	0	0	0	0	0	0	0	0	0	0	0
JD Davison bos	SG	8	4.9	2	0.6	1.5	41.7	0.4	0.9	42.9	0.4	0.5	75	1.3	1.3	0.1	0.1	0.3	0	0
D'Moi Hodge LAL	G	7	5.9	2	0.7	2.1	33.3	0.4	1.7	25	0.1	0.3	50	0	0.7	0.1	0.1	0.1	0	0
Daishen Nix min	SG	15	3.3	1.8	0.6	1.6	37.5	0.4	1.1	35.3	0.2	0.4	50	0.2	0.4	0.3	0	0.3	0	0
Justin Minaya por	F	34	11.2	1.8	0.6	2.2	29.7	0.4	1.4	24.5	0.1	0.3	55.6	1.6	0.6	0.3	0.3	0.3	0	0
Cody Zeller NO	C	43	7.4	1.8	0.6	1.4	41.9	0	0.1	33.3	0.5	0.9	60.5	2.6	0.9	0.2	0.1	0.4	0	0
Kessler Edwards sac	SF	54	5.1	1.7	0.6	1.5	41.5	0.4	1	38.5	0.1	0.2	55.6	0.8	0.3	0.2	0.1	0.1	0	0
Jason Preston Utah	G	7	10.1	1.7	0.9	2.7	31.6	0	0.4	0	0	0	0	2.4	2.3	0.3	0.1	0.3	0	0
Leonard Miller MIN	F	17	3.1	1.7	0.8	1.2	65	0.1	0.3	40	0.1	0.1	50	1.2	0.5	0.1	0.1	0.1	0	0
Taj Gibson ny/det	F	20	10.3	1.7	0.8	1.9	40.5	0.1	0.5	20	0.1	0.1	100	1.9	0.6	0.2	0.4	0.3	0	0
P.J. Tucker lac/phi	PF	31	15.7	1.7	0.6	1.6	36	0.4	1.1	37.1	0.1	0.1	100	2.7	0.5	0.5	0.2	0.3	0	0
Jordan Walsh bos	G	9	9.2	1.7	0.7	1.7	40	0.2	1	22.2	0.1	0.2	50	2.2	0.6	0.6	0.1	0.3	0	0
Jordan Miller LAC	G	8	3.5	1.6	0.6	1.1	55.6	0.1	0.3	50	0.3	0.3	100	0.6	0	0	0	0.1	0	0
Jalen Hood-Schifino lal	G	21	5.2	1.6	0.5	2.1	22.2	0.1	0.7	13.3	0.6	1	60	0.6	0.4	0.1	0.1	0.4	0	0
Jett Howard ORL	G	18	3.7	1.6	0.6	1.7	33.3	0.4	1.4	28	0.1	0.2	50	0.4	0.3	0.1	0.1	0.2	0	0
Josh Minott MIN	F	32	2.8	1.6	0.5	1.1	47.2	0.1	0.3	40	0.4	0.4	85.7	0.5	0.3	0.2	0.2	0.1	0	0
Jalen Pickett den	G	27	4.5	1.6	0.6	1.3	42.9	0.3	0.9	36	0.1	0.1	75	0.5	0.8	0.1	0	0.3	0	0
Seth Lundy atl	G	9	5.8	1.6	0.4	1.9	23.5	0.3	1.4	23.1	0.3	0.4	75	0.8	0	0	0	0.1	0	0
Ibou Badji por	C	22	10.3	1.5	0.6	1	63.6	0	0	0	0.3	0.5	50	2.3	0.6	0.1	0.9	0.7	0	0
Jack White mem	F	4	16	1.5	0.5	4	12.5	0.5	2.5	20	0	0	0	3	0.3	1	0.3	0.5	0	0
Colin Castleton lal	C	16	3.7	1.5	0.6	1	56.3	0	0	0	0.4	0.4	100	0.8	0.2	0.1	0	0.2	0	0
Adam Flagler okc	F	2	7	1.5	0.5	3.5	14.3	0.5	3	16.7	0	0	0	0	2	0	0	0	0	0
Dariq Whitehead BKN	F	2	12	1.5	0.5	2.5	20	0	1.5	0	0.5	1	50	2	1.5	0	0.5	0	0	0
Terry Taylor chi	F	31	6.1	1.5	0.6	1.3	51.3	0.1	0.3	22.2	0.1	0.2	80	1.2	0.3	0.2	0.1	0.2	0	0
Jacob Toppin ny	F	9	4.2	1.4	0.6	1	55.6	0.1	0.4	25	0.2	0.2	100	0.8	0.3	0	0.1	0.1	0	0
Jermaine Samuels Jr. HOU	F	14	4.3	1.4	0.6	1	64.3	0	0.1	0	0.1	0.1	100	0.9	0.2	0.1	0.1	0	0	0
Jerome Robinson GS	SG	22	3.7	1.4	0.5	1.5	33.3	0.1	0.8	11.8	0.3	0.5	63.6	0.3	0.2	0	0.1	0.1	0	0
Mason Jones sac	G	5	5.6	1.4	0.4	1.6	25	0.4	1.4	28.6	0.2	0.4	50	1	1	0.2	0	0.4	0	0
Kendall Brown ind	SG	15	4.2	1.4	0.5	1	53.3	0	0.1	0	0.3	0.5	62.5	0.3	0.3	0	0	0.1	0	0
Isaiah Thomas PHX	G	6	3.2	1.3	0.5	1.7	30	0.3	0.7	50	0	0	0	0	0.5	0	0	0	0	0
Nathan Mensah cha	C	25	12.3	1.3	0.5	1.1	42.9	0	0	0	0.4	0.5	75	2.6	0.4	0.2	0.6	0.6	0	0
TyTy Washington Jr. mil	G	11	5.1	1.3	0.5	1.8	30	0.2	0.5	33.3	0	0	0	0.5	0.5	0.3	0	0.2	0	0
R.J. Hampton mia/wsh	G	8	9.5	1.3	0.5	1.8	28.6	0.1	1	12.5	0.1	0.3	50	0.8	1	0	0	0.4	0	0
Chris Livingston mil	F	21	4.3	1.2	0.5	1	50	0	0.2	20	0.1	0.2	75	1	0.2	0.1	0	0.2	0	0
Keyontae Johnson okc	F	9	7.3	1.2	0.6	1.8	31.3	0.1	0.3	33.3	0	0	0	1.1	0.4	0.1	0	0.4	0	0
Jay Huff den	C	20	2.5	1.2	0.5	0.8	60	0.2	0.5	33.3	0.1	0.1	100	0.6	0.1	0.1	0.2	0.1	0	0
Admiral Schofield orl	SF	23	3.7	1.1	0.4	1.1	38.5	0.3	0.7	37.5	0	0.1	0	0.7	0.3	0	0	0.2	0	0
Robin Lopez mil	C	16	4.1	1.1	0.4	1.2	36.8	0.1	0.5	25	0.1	0.1	100	0.3	0.3	0.1	0.2	0.1	0	0
Hunter Tyson den	F	18	2.7	1.1	0.4	1.1	40	0.2	0.8	28.6	0	0	0	0.5	0.1	0.1	0	0.1	0	0
Braxton Key DEN	F	20	3	1.1	0.4	0.9	41.2	0.1	0.3	40	0.3	0.4	75	0.9	0.5	0.1	0.1	0.1	0	0
Hamidou Diallo WSH	G	2	2.5	1	0.5	1	50	0	0	0	0	0	0	1	0.5	1	0	0.5	0	0
Frank Ntilikina cha	PG	5	8.6	1	0.2	1.8	11.1	0.2	1.6	12.5	0.4	0.4	100	1.2	0.8	0	0	0.2	0	0
Filip Petrusev sac/phi	PF	3	3	1	0.3	0.7	50	0	0	0	0.3	0.7	50	0.3	0	0	0	0	0	0
Joshua Primo lac	G	2	5	1	0.5	1.5	33.3	0	0.5	0	0	0	0	0.5	0	0	0.5	2	0	0
Thanasis Antetokounmpo MIL	SF	34	4.6	0.9	0.5	0.9	53.3	0	0	0	0	0.1	0	0.4	0.5	0.2	0.1	0.4	0	0
James Johnson ind	PF	9	5.2	0.9	0.3	1.1	30	0	0.2	0	0.2	0.2	100	0.4	0.9	0.6	0.1	0.6	0	0
DaQuan Jeffries ny	SG	17	2.7	0.8	0.4	1	35.3	0.1	0.6	20	0	0.1	0	0.3	0.3	0	0.1	0.2	0	0
Charlie Brown Jr. NY	G	8	4.6	0.8	0.3	1.3	20	0.3	0.9	28.6	0	0	0	0.3	0	0	0.3	0.3	0	0
Wendell Moore Jr. min	G	25	3	0.7	0.4	0.7	50	0	0.2	0	0	0	0	0.5	0.2	0.2	0	0.2	0	0
Alondes Williams MIA	G	7	2.3	0.7	0.3	1.1	25	0	0.6	0	0.1	0.1	100	0.1	0	0	0.1	0.3	0	0
Shaqullle Harrison mem	G	3	2	0.7	0.3	0.7	50	0	0	0	0	0	0	0.7	0	0	0.3	0	0	0
Jalen Slawson sac	F	12	3.1	0.7	0.3	0.5	66.7	0	0.2	0	0	0	0	0.6	0.2	0.1	0.1	0.2	0	0
Pat Spencer gs	G	6	4.3	0.7	0.3	0.7	50	0	0.3	0	0	0	0	0.7	0.8	0	0	0.2	0	0
Quenton Jackson ind	G	3	3.7	0.7	0	0.3	0	0	0	0	0.7	0.7	100	1.3	0.7	0.3	0	0	0	0
Juan Toscano-Anderson sac	F	11	4.8	0.6	0.3	1.1	25	0.1	0.4	25	0	0	0	1.3	0.4	0.1	0.1	0.2	0	0
E.J. Liddell NO	F	8	2.9	0.5	0.1	0.8	16.7	0	0.6	0	0.3	0.3	100	0.6	0.1	0.3	0.3	0.3	0	0
Usman Garuba gs	PF	6	3	0.5	0.2	1	16.7	0	0.2	0	0.2	0.3	50	1.2	0.2	0.2	0.5	0.3	0	0
Pete Nance cle	F	8	3.4	0.4	0.1	0.8	16.7	0.1	0.1	100	0	0.3	0	0.4	0	0.1	0	0.1	0	0
Maxwell Lewis lal	F	34	3	0.3	0.1	0.6	19	0	0.3	11.1	0.1	0.1	66.7	0.1	0.2	0.1	0	0.3	0	0
